I Vapp Vdl
-1.3080714530796078e-14 -0.02
-1.9639926153267864e-14 -0.04
-2.876562516338681e-14 -0.06
-4.1530677922436064e-14 -0.08
-5.912667285802606e-14 -0.1
-8.403893574288908e-14 -0.12
-9.433985473705874e-14 -0.14
-1.1869777590473628e-13 -0.16
-1.4449246116449277e-13 -0.18
-1.6952599516799375e-13 -0.2
-1.938549962062564e-13 -0.22
-2.1693082417001388e-13 -0.24
-2.3652052085645686e-13 -0.26
-2.540018872906482e-13 -0.28
-2.6830398307231984e-13 -0.3
-2.784603693817705e-13 -0.32
-2.8983635369366084e-13 -0.34
-2.978646417177774e-13 -0.36
-3.038496656505039e-13 -0.38
-3.08854822607241e-13 -0.4
-3.1254999240110906e-13 -0.42
-3.161457806327239e-13 -0.44
-3.179094147237494e-13 -0.46
-3.198132147561964e-13 -0.48
-3.216082346934066e-13 -0.5
-5.475826253725092e-15 0.02
-3.5426492633841303e-15 0.04
-2.187011667811751e-15 0.06
-1.4739745256645758e-15 0.08
-9.483834205220421e-16 0.1
-6.424009317139383e-16 0.12
-4.239577447776914e-16 0.14
-2.70314235303257e-16 0.16
-1.839178079471086e-16 0.18
-1.154439527920518e-16 0.2
-7.239884031249295e-17 0.22
-4.990892049514986e-17 0.24
-4.163474860417776e-17 0.26
-1.901628291878737e-17 0.28
-3.0213760318050077e-17 0.3
