idx I Vapp Center(x) Center(y)
0 -3.8954851192887824e-14 -0.1 0.0 0.0
1 -3.9793651825126645e-14 -0.1 2.042777266881516 -1.1793980049284913
2 -4.0370306177942216e-14 -0.1 4.085554533763032 -2.3587960098569827
3 -4.04530692137864e-14 -0.1 6.128331800644549 -3.5381940147854745
4 -3.9778107683579487e-14 -0.1 8.171109067526064 -4.717592019713965
5 -3.9672311389806166e-14 -0.1 10.213886334407581 -5.896990024642457
6 -3.919023196522078e-14 -0.1 12.256663601289098 -7.076388029570949
7 -3.932769341977592e-14 -0.1 14.299440868170613 -8.25578603449944
8 -3.8375281603839285e-14 -0.1 16.34221813505213 -9.43518403942793
9 -3.920520728627728e-14 -0.1 18.384995401933644 -10.614582044356423
10 -3.6291890921282975e-14 -0.1 20.427772668815162 -11.793980049284913
11 -3.94848670992612e-14 -0.1 22.470549935696674 -12.973378054213404
12 -3.874963014529217e-14 -0.1 24.513327202578196 -14.152776059141898
13 -3.928294341245865e-14 -0.1 26.55610446945971 -15.332174064070388
14 -3.8982758932608474e-14 -0.1 28.598881736341227 -16.51157206899888
15 -3.858740904505268e-14 -0.1 30.641659003222742 -17.69097007392737
16 -3.887250820204507e-14 -0.1 32.68443627010426 -18.87036807885586
17 -3.8935877730803254e-14 -0.1 34.72721353698577 -20.049766083784352
18 -3.863819790503405e-14 -0.1 36.76999080386729 -21.229164088712846
19 -3.949876488665597e-14 -0.1 38.8127680707488 -22.408562093641336
20 -3.951190312395989e-14 -0.1 40.855545337630325 -23.587960098569827
21 -3.943072303680147e-14 -0.1 42.89832260451183 -24.767358103498317
22 -3.9351290455917357e-14 -0.1 44.94109987139335 -25.946756108426808
23 -3.9904580344493034e-14 -0.1 46.98387713827488 -27.126154113355305
24 -4.0233270763246864e-14 -0.1 49.02665440515639 -28.305552118283796
25 -3.9452513349668453e-14 -0.1 51.0694316720379 -29.484950123212286
26 -4.0252181977231843e-14 -0.1 53.11220893891942 -30.664348128140777
27 -4.0651645404906736e-14 -0.1 55.15498620580094 -31.843746133069267
28 -3.9787407042523673e-14 -0.1 57.19776347268245 -33.02314413799776
29 -4.07983843597233e-14 -0.1 59.24054073956397 -34.20254214292625
30 -4.060370550415017e-14 -0.1 2.042777266881516 1.1793980049284913
31 -4.0563788808834926e-14 -0.1 4.085554533763032 0.0
32 -3.853175419582385e-14 -0.1 6.128331800644549 -1.1793980049284913
33 -4.0343359063328734e-14 -0.1 8.171109067526064 -2.358796009856983
34 -4.032668228047144e-14 -0.1 10.213886334407581 -3.5381940147854745
35 -4.020241538640996e-14 -0.1 12.256663601289098 -4.717592019713965
36 -3.977410256075008e-14 -0.1 14.299440868170615 -5.896990024642458
37 -3.96851946011237e-14 -0.1 16.34221813505213 -7.076388029570949
38 -3.9657626719144625e-14 -0.1 18.384995401933644 -8.25578603449944
39 -3.9430433336303357e-14 -0.1 20.427772668815162 -9.43518403942793
40 -3.8572139279665333e-14 -0.1 22.470549935696678 -10.614582044356423
41 -3.86828110073162e-14 -0.1 24.513327202578193 -11.793980049284913
42 -3.8265839057684907e-14 -0.1 26.55610446945971 -12.973378054213406
43 -3.7798683278152403e-14 -0.1 28.59888173634123 -14.152776059141898
44 -3.578090595347494e-14 -0.1 30.641659003222742 -15.332174064070388
45 -3.908860639227207e-14 -0.1 32.68443627010426 -16.51157206899888
46 -3.844552022916314e-14 -0.1 34.72721353698578 -17.69097007392737
47 -3.9111239934474494e-14 -0.1 36.76999080386729 -18.87036807885586
48 -3.86339180714189e-14 -0.1 38.8127680707488 -20.049766083784352
49 -3.766687274940115e-14 -0.1 40.85554533763032 -21.229164088712846
50 -3.808015358543274e-14 -0.1 42.89832260451183 -22.408562093641336
51 -3.973586310357883e-14 -0.1 44.94109987139335 -23.587960098569827
52 -4.004631995781103e-14 -0.1 46.98387713827486 -24.767358103498317
53 -3.974738428208957e-14 -0.1 49.02665440515639 -25.94675610842681
54 -4.025691179166561e-14 -0.1 51.0694316720379 -27.126154113355305
55 -4.026300129977495e-14 -0.1 53.112208938919416 -28.305552118283796
56 -4.028910818399298e-14 -0.1 55.15498620580094 -29.484950123212286
57 -4.0510351319788594e-14 -0.1 57.19776347268245 -30.664348128140777
58 -4.0581420373696486e-14 -0.1 59.24054073956396 -31.843746133069267
59 -4.065052169613872e-14 -0.1 61.283318006445484 -33.02314413799776
60 -3.885583823289886e-14 -0.1 4.085554533763032 2.3587960098569827
61 -4.0724908316383807e-14 -0.1 6.128331800644549 1.1793980049284913
62 -4.052524149288514e-14 -0.1 8.171109067526064 0.0
63 -4.037773883473425e-14 -0.1 10.213886334407581 -1.1793980049284916
64 -4.008897122569145e-14 -0.1 12.256663601289098 -2.3587960098569827
65 -3.874174042267661e-14 -0.1 14.299440868170613 -3.538194014785474
66 -3.992072227237523e-14 -0.1 16.34221813505213 -4.717592019713966
67 -3.9899789140520404e-14 -0.1 18.384995401933644 -5.896990024642458
68 -3.9313132565774824e-14 -0.1 20.427772668815162 -7.076388029570949
69 -3.874922182460543e-14 -0.1 22.470549935696678 -8.25578603449944
70 -3.944648606971806e-14 -0.1 24.513327202578196 -9.43518403942793
71 -3.8534780391391885e-14 -0.1 26.556104469459708 -10.614582044356423
72 -3.786804216606468e-14 -0.1 28.59888173634123 -11.793980049284915
73 -3.9189542093949896e-14 -0.1 30.641659003222745 -12.973378054213406
74 -3.901718533626875e-14 -0.1 32.68443627010426 -14.152776059141898
75 -3.78539758170448e-14 -0.1 34.72721353698578 -15.332174064070388
76 -3.764887980000056e-14 -0.1 36.76999080386729 -16.51157206899888
77 -3.9244112479027356e-14 -0.1 38.8127680707488 -17.69097007392737
78 -3.8800702900859346e-14 -0.1 40.855545337630325 -18.87036807885586
79 -3.950327576125588e-14 -0.1 42.89832260451183 -20.049766083784352
80 -3.959890920313599e-14 -0.1 44.941099871393355 -21.229164088712846
81 -3.9769891233426224e-14 -0.1 46.98387713827487 -22.408562093641336
82 -3.9227312560742184e-14 -0.1 49.026654405156386 -23.587960098569827
83 -4.0088179968839006e-14 -0.1 51.06943167203791 -24.76735810349832
84 -3.986848143698586e-14 -0.1 53.11220893891942 -25.94675610842681
85 -3.9970286953948255e-14 -0.1 55.15498620580094 -27.126154113355305
86 -4.023451689119857e-14 -0.1 57.19776347268246 -28.305552118283796
87 -3.9292773118623957e-14 -0.1 59.24054073956397 -29.484950123212286
88 -4.04550978607232e-14 -0.1 61.283318006445484 -30.664348128140777
89 -4.004002399186565e-14 -0.1 63.326095273327006 -31.843746133069267
90 -4.0594367046733063e-14 -0.1 6.128331800644549 3.5381940147854745
91 -3.997655515893657e-14 -0.1 8.171109067526064 2.358796009856983
92 -4.050905647111268e-14 -0.1 10.213886334407581 1.1793980049284916
93 -3.664868047946474e-14 -0.1 12.256663601289098 0.0
94 -3.992087831765529e-14 -0.1 14.299440868170615 -1.1793980049284911
95 -3.993820166703192e-14 -0.1 16.34221813505213 -2.3587960098569822
96 -3.941707219660089e-14 -0.1 18.384995401933647 -3.5381940147854745
97 -3.8254498146379615e-14 -0.1 20.427772668815162 -4.717592019713965
98 -3.9638429388376053e-14 -0.1 22.470549935696678 -5.896990024642457
99 -3.923119151552567e-14 -0.1 24.513327202578196 -7.076388029570948
100 -3.756440812248081e-14 -0.1 26.556104469459708 -8.255786034499438
101 -3.895833012273692e-14 -0.1 28.59888173634122 -9.435184039427929
102 -3.8767430483557066e-14 -0.1 30.641659003222742 -10.614582044356425
103 -3.7740384512938135e-14 -0.1 32.684436270104264 -11.793980049284915
104 -3.9149245961453794e-14 -0.1 34.72721353698578 -12.973378054213406
105 -3.908247689384976e-14 -0.1 36.76999080386729 -14.152776059141898
106 -3.922809448165504e-14 -0.1 38.81276807074881 -15.332174064070388
107 -3.78678110341102e-14 -0.1 40.855545337630325 -16.51157206899888
108 -3.921926216036909e-14 -0.1 42.89832260451183 -17.69097007392737
109 -3.9246240441443456e-14 -0.1 44.94109987139335 -18.87036807885586
110 -3.8491645234923114e-14 -0.1 46.98387713827487 -20.049766083784352
111 -3.936870174240819e-14 -0.1 49.026654405156386 -21.229164088712846
112 -3.8177685171487306e-14 -0.1 51.069431672037894 -22.408562093641336
113 -4.0187708526081966e-14 -0.1 53.11220893891942 -23.58796009856983
114 -4.029373278090764e-14 -0.1 55.15498620580094 -24.76735810349832
115 -3.8783690132663816e-14 -0.1 57.19776347268245 -25.94675610842681
116 -3.95608510681971e-14 -0.1 59.24054073956397 -27.126154113355305
117 -3.986981388107879e-14 -0.1 61.283318006445484 -28.305552118283796
118 -4.037765093094118e-14 -0.1 63.326095273327 -29.484950123212286
119 -3.9268697550648275e-14 -0.1 65.36887254020851 -30.664348128140777
120 -4.046174891233969e-14 -0.1 8.171109067526064 4.717592019713965
121 -4.0250808566910635e-14 -0.1 10.213886334407581 3.5381940147854745
122 -4.041485507127472e-14 -0.1 12.256663601289098 2.3587960098569827
123 -3.9655323540138856e-14 -0.1 14.299440868170615 1.1793980049284911
124 -3.995111350586645e-14 -0.1 16.34221813505213 0.0
125 -3.998158458994751e-14 -0.1 18.384995401933644 -1.1793980049284911
126 -3.787122263583679e-14 -0.1 20.427772668815162 -2.358796009856983
127 -3.945661246601534e-14 -0.1 22.470549935696678 -3.5381940147854745
128 -3.811578628938466e-14 -0.1 24.513327202578196 -4.717592019713965
129 -3.892185117068875e-14 -0.1 26.556104469459708 -5.896990024642457
130 -3.749534464862655e-14 -0.1 28.598881736341227 -7.076388029570948
131 -3.839699333844006e-14 -0.1 30.64165900322274 -8.255786034499438
132 -3.877503709139233e-14 -0.1 32.68443627010426 -9.435184039427932
133 -3.9004209392285367e-14 -0.1 34.72721353698578 -10.614582044356425
134 -3.9063996544708045e-14 -0.1 36.76999080386729 -11.793980049284915
135 -3.919334441479278e-14 -0.1 38.81276807074881 -12.973378054213406
136 -3.9085458587456945e-14 -0.1 40.855545337630325 -14.152776059141898
137 -3.901881020795165e-14 -0.1 42.89832260451183 -15.332174064070388
138 -3.9070094018647163e-14 -0.1 44.941099871393355 -16.51157206899888
139 -3.90090833146017e-14 -0.1 46.98387713827487 -17.69097007392737
140 -3.988995972986655e-14 -0.1 49.02665440515639 -18.87036807885586
141 -3.942052782692428e-14 -0.1 51.0694316720379 -20.049766083784352
142 -3.950682660881268e-14 -0.1 53.112208938919416 -21.229164088712846
143 -3.866898076101178e-14 -0.1 55.154986205800945 -22.40856209364134
144 -3.991280762654504e-14 -0.1 57.19776347268246 -23.58796009856983
145 -3.927481597303088e-14 -0.1 59.24054073956397 -24.76735810349832
146 -4.017708145897214e-14 -0.1 61.28331800644549 -25.94675610842681
147 -4.0248654994267803e-14 -0.1 63.326095273327006 -27.126154113355305
148 -4.030739371138435e-14 -0.1 65.36887254020851 -28.305552118283796
149 -4.048729859477838e-14 -0.1 67.41164980709004 -29.484950123212286
150 -4.016815022891398e-14 -0.1 10.213886334407581 5.896990024642457
151 -3.972104120913504e-14 -0.1 12.256663601289098 4.717592019713965
152 -4.002172299354634e-14 -0.1 14.299440868170613 3.538194014785474
153 -4.002560511952859e-14 -0.1 16.34221813505213 2.3587960098569822
154 -3.7076535463367376e-14 -0.1 18.384995401933644 1.1793980049284911
155 -3.9253008409085057e-14 -0.1 20.427772668815162 0.0
156 -3.91496553225132e-14 -0.1 22.470549935696678 -1.1793980049284922
157 -3.924726556689443e-14 -0.1 24.513327202578196 -2.358796009856983
158 -3.9157817127930516e-14 -0.1 26.556104469459708 -3.5381940147854745
159 -3.9147375098315465e-14 -0.1 28.598881736341227 -4.717592019713965
160 -3.915545252499072e-14 -0.1 30.641659003222742 -5.896990024642457
161 -3.915742633979568e-14 -0.1 32.68443627010426 -7.076388029570948
162 -3.8883861351088724e-14 -0.1 34.72721353698578 -8.25578603449944
163 -3.8852358993252126e-14 -0.1 36.769990803867294 -9.435184039427932
164 -3.894502241948922e-14 -0.1 38.8127680707488 -10.614582044356425
165 -3.909252759140858e-14 -0.1 40.855545337630325 -11.793980049284915
166 -3.890885604355445e-14 -0.1 42.89832260451184 -12.973378054213406
167 -3.9051869953208027e-14 -0.1 44.94109987139335 -14.152776059141898
168 -3.921785637437633e-14 -0.1 46.98387713827487 -15.332174064070388
169 -3.871768789686245e-14 -0.1 49.026654405156386 -16.51157206899888
170 -3.945144740421438e-14 -0.1 51.0694316720379 -17.69097007392737
171 -3.8028553866706575e-14 -0.1 53.112208938919416 -18.87036807885586
172 -3.9057221000496624e-14 -0.1 55.15498620580093 -20.049766083784352
173 -4.002761244888357e-14 -0.1 57.19776347268246 -21.22916408871285
174 -4.024862471742324e-14 -0.1 59.24054073956397 -22.40856209364134
175 -3.832226248653775e-14 -0.1 61.283318006445484 -23.58796009856983
176 -4.020183951017162e-14 -0.1 63.326095273327006 -24.76735810349832
177 -4.018708105098169e-14 -0.1 65.36887254020851 -25.94675610842681
178 -4.0441082463464033e-14 -0.1 67.41164980709003 -27.126154113355305
179 -3.7703972250248317e-14 -0.1 69.45442707397156 -28.305552118283796
180 -4.022046692513722e-14 -0.1 12.256663601289098 7.076388029570949
181 -3.987212908295321e-14 -0.1 14.299440868170615 5.896990024642458
182 -4.002459823455534e-14 -0.1 16.34221813505213 4.717592019713966
183 -3.956887674823947e-14 -0.1 18.384995401933647 3.5381940147854745
184 -3.9723462668522896e-14 -0.1 20.427772668815162 2.358796009856983
185 -3.911933348563511e-14 -0.1 22.470549935696678 1.1793980049284922
186 -3.93277884584009e-14 -0.1 24.513327202578196 0.0
187 -3.9296114430432657e-14 -0.1 26.556104469459708 -1.1793980049284911
188 -3.8914134548944015e-14 -0.1 28.59888173634123 -2.3587960098569822
189 -3.843805215964854e-14 -0.1 30.641659003222742 -3.5381940147854736
190 -3.893956533022833e-14 -0.1 32.68443627010426 -4.7175920197139645
191 -3.86091681940752e-14 -0.1 34.72721353698577 -5.896990024642456
192 -3.897409434621781e-14 -0.1 36.769990803867294 -7.076388029570949
193 -3.883754154625263e-14 -0.1 38.81276807074881 -8.25578603449944
194 -3.780511201330362e-14 -0.1 40.855545337630325 -9.43518403942793
195 -3.9207056250027316e-14 -0.1 42.89832260451184 -10.614582044356423
196 -3.884886541609948e-14 -0.1 44.941099871393355 -11.793980049284913
197 -3.9152582117522035e-14 -0.1 46.98387713827487 -12.973378054213404
198 -3.953294460763983e-14 -0.1 49.02665440515639 -14.152776059141896
199 -3.918341054170828e-14 -0.1 51.069431672037894 -15.332174064070387
200 -3.921247887670355e-14 -0.1 53.112208938919416 -16.511572068998877
201 -3.9607726724712983e-14 -0.1 55.15498620580094 -17.690970073927367
202 -3.954930925273219e-14 -0.1 57.19776347268244 -18.870368078855858
203 -3.953206872745317e-14 -0.1 59.240540739563976 -20.049766083784352
204 -4.0226630678576595e-14 -0.1 61.283318006445484 -21.22916408871285
205 -4.005788275272109e-14 -0.1 63.326095273327006 -22.408562093641336
206 -4.030048903823277e-14 -0.1 65.36887254020853 -23.58796009856983
207 -3.7687073828375735e-14 -0.1 67.41164980709003 -24.767358103498317
208 -4.034415932122347e-14 -0.1 69.45442707397156 -25.94675610842681
209 -3.8720256207540793e-14 -0.1 71.49720434085307 -27.1261541133553
210 -3.923254299205435e-14 -0.1 14.299440868170613 8.25578603449944
211 -3.7699325272916756e-14 -0.1 16.34221813505213 7.076388029570949
212 -3.903452875632858e-14 -0.1 18.384995401933644 5.896990024642458
213 -3.9723792223597586e-14 -0.1 20.427772668815162 4.717592019713965
214 -3.9436901061730496e-14 -0.1 22.470549935696678 3.5381940147854745
215 -3.8947959782596676e-14 -0.1 24.513327202578196 2.358796009856983
216 -3.91977496431783e-14 -0.1 26.556104469459708 1.1793980049284911
217 -3.8756785263872214e-14 -0.1 28.598881736341227 0.0
218 -3.8718319315523875e-14 -0.1 30.641659003222742 -1.1793980049284911
219 -3.826450297633998e-14 -0.1 32.68443627010426 -2.3587960098569822
220 -3.8955843348782236e-14 -0.1 34.72721353698578 -3.5381940147854736
221 -3.730833590748816e-14 -0.1 36.76999080386729 -4.7175920197139645
222 -3.804735508706112e-14 -0.1 38.81276807074881 -5.896990024642458
223 -3.909915147442711e-14 -0.1 40.855545337630325 -7.076388029570949
224 -3.8949377190590536e-14 -0.1 42.89832260451183 -8.25578603449944
225 -3.874046142247892e-14 -0.1 44.941099871393355 -9.43518403942793
226 -3.8157840935727566e-14 -0.1 46.98387713827487 -10.614582044356423
227 -3.879341863932377e-14 -0.1 49.026654405156386 -11.793980049284913
228 -3.9339762467249854e-14 -0.1 51.0694316720379 -12.973378054213404
229 -3.975375377859792e-14 -0.1 53.112208938919416 -14.152776059141896
230 -3.975141778050432e-14 -0.1 55.15498620580094 -15.332174064070387
231 -3.969624941173385e-14 -0.1 57.19776347268245 -16.511572068998877
232 -3.9828852031799486e-14 -0.1 59.24054073956396 -17.690970073927367
233 -3.970706893680412e-14 -0.1 61.28331800644549 -18.870368078855865
234 -3.992449109440204e-14 -0.1 63.326095273327006 -20.049766083784352
235 -3.974778875577346e-14 -0.1 65.36887254020851 -21.22916408871285
236 -3.955261268693966e-14 -0.1 67.41164980709004 -22.408562093641336
237 -3.977566018733078e-14 -0.1 69.45442707397156 -23.58796009856983
238 -3.985917997651348e-14 -0.1 71.49720434085306 -24.767358103498317
239 -3.986276959569159e-14 -0.1 73.53998160773457 -25.94675610842681
240 -3.9897650535733445e-14 -0.1 16.34221813505213 9.43518403942793
241 -3.9096521497182173e-14 -0.1 18.384995401933644 8.25578603449944
242 -3.868996857934428e-14 -0.1 20.427772668815162 7.076388029570949
243 -3.90074751549081e-14 -0.1 22.470549935696678 5.896990024642457
244 -3.9298716538460094e-14 -0.1 24.513327202578196 4.717592019713965
245 -3.932328093331052e-14 -0.1 26.556104469459708 3.5381940147854745
246 -3.887309007040817e-14 -0.1 28.59888173634123 2.3587960098569822
247 -3.895528033661298e-14 -0.1 30.641659003222742 1.1793980049284911
248 -3.883898683586749e-14 -0.1 32.68443627010426 0.0
249 -3.806704445079602e-14 -0.1 34.72721353698578 -1.1793980049284911
250 -3.8992913728452896e-14 -0.1 36.76999080386729 -2.3587960098569822
251 -3.868262896847788e-14 -0.1 38.8127680707488 -3.5381940147854736
252 -3.771472778411478e-14 -0.1 40.855545337630325 -4.717592019713966
253 -3.572136084598918e-14 -0.1 42.89832260451184 -5.896990024642458
254 -3.876824503613952e-14 -0.1 44.941099871393355 -7.076388029570949
255 -3.790981222543475e-14 -0.1 46.98387713827487 -8.25578603449944
256 -3.881438241942152e-14 -0.1 49.02665440515639 -9.43518403942793
257 -3.932924770210872e-14 -0.1 51.0694316720379 -10.614582044356423
258 -3.950447196853285e-14 -0.1 53.112208938919416 -11.793980049284913
259 -3.953313721632305e-14 -0.1 55.15498620580093 -12.973378054213404
260 -3.82913296411716e-14 -0.1 57.19776347268245 -14.152776059141896
261 -3.9549232972044996e-14 -0.1 59.24054073956396 -15.332174064070387
262 -3.914764169441024e-14 -0.1 61.28331800644548 -16.511572068998877
263 -3.9905368382685524e-14 -0.1 63.326095273327006 -17.69097007392737
264 -3.9799065385780987e-14 -0.1 65.36887254020851 -18.870368078855865
265 -3.977731406849494e-14 -0.1 67.41164980709003 -20.049766083784352
266 -3.8753010996352603e-14 -0.1 69.45442707397156 -21.22916408871285
267 -3.983988840356417e-14 -0.1 71.49720434085307 -22.408562093641336
268 -3.995018645106698e-14 -0.1 73.53998160773457 -23.58796009856983
269 -3.929999417292359e-14 -0.1 75.5827588746161 -24.767358103498317
270 -3.933501086802285e-14 -0.1 18.384995401933644 10.614582044356423
271 -3.885395094003468e-14 -0.1 20.427772668815162 9.43518403942793
272 -3.915804933522074e-14 -0.1 22.470549935696678 8.25578603449944
273 -3.8287995149013163e-14 -0.1 24.513327202578196 7.076388029570948
274 -3.8831938340590003e-14 -0.1 26.556104469459708 5.896990024642457
275 -3.913019604896402e-14 -0.1 28.598881736341227 4.717592019713965
276 -3.9065562587325664e-14 -0.1 30.641659003222742 3.5381940147854736
277 -3.906799956953992e-14 -0.1 32.68443627010426 2.3587960098569822
278 -3.904365768324826e-14 -0.1 34.72721353698578 1.1793980049284911
279 -3.846841207063968e-14 -0.1 36.76999080386729 0.0
280 -3.87102559766937e-14 -0.1 38.8127680707488 -1.1793980049284911
281 -3.885071440659374e-14 -0.1 40.855545337630325 -2.3587960098569822
282 -3.8855586206448645e-14 -0.1 42.89832260451184 -3.5381940147854753
283 -3.9117616770275527e-14 -0.1 44.941099871393355 -4.717592019713966
284 -3.879477193727391e-14 -0.1 46.98387713827487 -5.896990024642458
285 -3.869949165046659e-14 -0.1 49.02665440515639 -7.076388029570949
286 -3.9120613666375165e-14 -0.1 51.0694316720379 -8.25578603449944
287 -3.9186033535177143e-14 -0.1 53.112208938919416 -9.43518403942793
288 -3.7444352909257054e-14 -0.1 55.15498620580094 -10.614582044356423
289 -3.9371428641704036e-14 -0.1 57.19776347268244 -11.793980049284913
290 -3.8949002671314935e-14 -0.1 59.24054073956396 -12.973378054213404
291 -3.9268037035796425e-14 -0.1 61.283318006445484 -14.152776059141896
292 -3.933671175839768e-14 -0.1 63.32609527332699 -15.332174064070387
293 -3.953617412783645e-14 -0.1 65.36887254020853 -16.51157206899888
294 -3.976283140514536e-14 -0.1 67.41164980709003 -17.69097007392737
295 -3.966735568513046e-14 -0.1 69.45442707397156 -18.870368078855865
296 -3.849585013418804e-14 -0.1 71.49720434085307 -20.049766083784352
297 -3.9500317362802206e-14 -0.1 73.53998160773457 -21.22916408871285
298 -3.86584932233018e-14 -0.1 75.5827588746161 -22.408562093641336
299 -3.8477507968148e-14 -0.1 77.62553614149762 -23.58796009856983
300 -3.9282622974120906e-14 -0.1 20.427772668815162 11.793980049284913
301 -3.90017139108411e-14 -0.1 22.470549935696678 10.614582044356423
302 -3.841097443562648e-14 -0.1 24.513327202578196 9.43518403942793
303 -3.932587814950666e-14 -0.1 26.556104469459708 8.255786034499438
304 -3.932596366567074e-14 -0.1 28.598881736341227 7.076388029570948
305 -3.8983706602887076e-14 -0.1 30.641659003222742 5.896990024642457
306 -3.850116415615959e-14 -0.1 32.68443627010426 4.7175920197139645
307 -3.907438822895458e-14 -0.1 34.72721353698578 3.5381940147854736
308 -3.865617033449747e-14 -0.1 36.76999080386729 2.3587960098569822
309 -3.8983322331596946e-14 -0.1 38.8127680707488 1.1793980049284911
310 -3.6652795943939286e-14 -0.1 40.855545337630325 0.0
311 -3.858113604218463e-14 -0.1 42.89832260451183 -1.1793980049284911
312 -3.854634611404874e-14 -0.1 44.941099871393355 -2.3587960098569845
313 -3.8924471994566657e-14 -0.1 46.98387713827487 -3.5381940147854753
314 -3.897508035881627e-14 -0.1 49.02665440515639 -4.717592019713966
315 -3.917929412833776e-14 -0.1 51.0694316720379 -5.896990024642458
316 -3.8878267839047596e-14 -0.1 53.112208938919416 -7.076388029570949
317 -3.887974810087709e-14 -0.1 55.15498620580094 -8.25578603449944
318 -3.941697136504696e-14 -0.1 57.19776347268245 -9.43518403942793
319 -3.852236307073825e-14 -0.1 59.24054073956396 -10.614582044356423
320 -3.9271020318732905e-14 -0.1 61.283318006445484 -11.793980049284913
321 -3.84320113801432e-14 -0.1 63.326095273327 -12.973378054213404
322 -3.951354882699685e-14 -0.1 65.36887254020851 -14.152776059141896
323 -3.93960067811335e-14 -0.1 67.41164980709004 -15.33217406407039
324 -3.9711343579551785e-14 -0.1 69.45442707397156 -16.51157206899888
325 -3.924093128515248e-14 -0.1 71.49720434085306 -17.69097007392737
326 -3.8748436174727266e-14 -0.1 73.53998160773459 -18.870368078855865
327 -3.927243034247016e-14 -0.1 75.5827588746161 -20.049766083784352
328 -3.866812775551795e-14 -0.1 77.6255361414976 -21.22916408871285
329 -3.8427301713926206e-14 -0.1 79.66831340837913 -22.408562093641336
330 -3.939062120072064e-14 -0.1 22.470549935696674 12.973378054213404
331 -3.887172724529246e-14 -0.1 24.513327202578193 11.793980049284913
332 -3.8956727924077617e-14 -0.1 26.556104469459708 10.614582044356423
333 -3.901188851044214e-14 -0.1 28.59888173634122 9.435184039427929
334 -3.8598205931985443e-14 -0.1 30.64165900322274 8.255786034499438
335 -3.8368834375553964e-14 -0.1 32.68443627010426 7.076388029570948
336 -3.883031106739444e-14 -0.1 34.72721353698577 5.896990024642456
337 -3.8393733893940154e-14 -0.1 36.76999080386729 4.7175920197139645
338 -3.873361184815886e-14 -0.1 38.8127680707488 3.5381940147854736
339 -3.6792527587000165e-14 -0.1 40.855545337630325 2.3587960098569822
340 -3.730445382511303e-14 -0.1 42.89832260451183 1.1793980049284911
341 -3.875068340052382e-14 -0.1 44.94109987139335 0.0
342 -3.885911877824695e-14 -0.1 46.98387713827487 -1.1793980049284931
343 -3.859678538526874e-14 -0.1 49.02665440515639 -2.3587960098569845
344 -3.8750477144041005e-14 -0.1 51.069431672037894 -3.5381940147854753
345 -3.8665312625571354e-14 -0.1 53.112208938919416 -4.717592019713966
346 -3.919496688989799e-14 -0.1 55.15498620580094 -5.896990024642458
347 -3.784232196453493e-14 -0.1 57.19776347268244 -7.076388029570949
348 -3.901671993265072e-14 -0.1 59.24054073956396 -8.25578603449944
349 -3.807297405212131e-14 -0.1 61.28331800644548 -9.43518403942793
350 -3.901520374885491e-14 -0.1 63.326095273327 -10.614582044356423
351 -3.814785343395087e-14 -0.1 65.36887254020851 -11.793980049284913
352 -3.913212646699476e-14 -0.1 67.41164980709003 -12.973378054213404
353 -3.939308391990011e-14 -0.1 69.45442707397156 -14.1527760591419
354 -3.9300830554265103e-14 -0.1 71.49720434085306 -15.33217406407039
355 -3.9420910371249766e-14 -0.1 73.53998160773457 -16.51157206899888
356 -3.940907856152937e-14 -0.1 75.5827588746161 -17.69097007392737
357 -3.950418589655569e-14 -0.1 77.6255361414976 -18.870368078855865
358 -3.919312025081741e-14 -0.1 79.66831340837912 -20.049766083784352
359 -3.9448374121034286e-14 -0.1 81.71109067526065 -21.22916408871285
360 -3.9059866762072816e-14 -0.1 24.513327202578196 14.152776059141898
361 -3.8994440771082765e-14 -0.1 26.55610446945971 12.973378054213406
362 -3.9080930872287445e-14 -0.1 28.59888173634123 11.793980049284915
363 -3.900597214065507e-14 -0.1 30.641659003222742 10.614582044356425
364 -3.918400825182569e-14 -0.1 32.68443627010426 9.435184039427932
365 -3.895530559661605e-14 -0.1 34.72721353698578 8.25578603449944
366 -3.846226359730793e-14 -0.1 36.769990803867294 7.076388029570949
367 -3.8469546158238315e-14 -0.1 38.81276807074881 5.896990024642458
368 -3.8314127265711954e-14 -0.1 40.855545337630325 4.717592019713966
369 -3.8687515149652155e-14 -0.1 42.89832260451184 3.5381940147854753
370 -3.8653871560502695e-14 -0.1 44.941099871393355 2.3587960098569845
371 -3.887633036428867e-14 -0.1 46.98387713827487 1.1793980049284931
372 -3.89164560893475e-14 -0.1 49.02665440515639 0.0
373 -3.903758342894334e-14 -0.1 51.06943167203791 -1.1793980049284911
374 -3.801205306908143e-14 -0.1 53.112208938919416 -2.3587960098569822
375 -3.8129184672957964e-14 -0.1 55.15498620580094 -3.5381940147854736
376 -3.884075098905776e-14 -0.1 57.19776347268246 -4.7175920197139645
377 -3.909154604109896e-14 -0.1 59.24054073956396 -5.896990024642456
378 -3.736886635135394e-14 -0.1 61.283318006445484 -7.076388029570947
379 -3.8762771288794546e-14 -0.1 63.326095273327 -8.255786034499438
380 -3.8737739717192214e-14 -0.1 65.36887254020851 -9.435184039427929
381 -3.903659947626492e-14 -0.1 67.41164980709003 -10.61458204435642
382 -3.862912198267852e-14 -0.1 69.45442707397154 -11.793980049284912
383 -3.874085065231851e-14 -0.1 71.49720434085307 -12.973378054213406
384 -3.904262173969193e-14 -0.1 73.53998160773459 -14.152776059141898
385 -3.7901769874874144e-14 -0.1 75.5827588746161 -15.332174064070388
386 -3.9296357813637076e-14 -0.1 77.62553614149762 -16.51157206899888
387 -3.8597337072283256e-14 -0.1 79.66831340837913 -17.69097007392737
388 -3.891398549990862e-14 -0.1 81.71109067526065 -18.87036807885586
389 -3.9262882857186306e-14 -0.1 83.75386794214216 -20.049766083784352
390 -3.9038887486452455e-14 -0.1 26.55610446945971 15.332174064070388
391 -3.838518765431279e-14 -0.1 28.59888173634123 14.152776059141898
392 -3.859291848700359e-14 -0.1 30.641659003222745 12.973378054213406
393 -3.911162808683624e-14 -0.1 32.684436270104264 11.793980049284915
394 -3.873876164715238e-14 -0.1 34.72721353698578 10.614582044356425
395 -3.878049211709199e-14 -0.1 36.769990803867294 9.435184039427932
396 -3.871669134765363e-14 -0.1 38.81276807074881 8.25578603449944
397 -3.878480950784901e-14 -0.1 40.855545337630325 7.076388029570949
398 -3.8509479196720955e-14 -0.1 42.89832260451184 5.896990024642458
399 -3.87509795527063e-14 -0.1 44.941099871393355 4.717592019713966
400 -3.8835259700230625e-14 -0.1 46.98387713827487 3.5381940147854753
401 -3.9022059529422876e-14 -0.1 49.02665440515639 2.3587960098569845
402 -3.8932209224419774e-14 -0.1 51.06943167203791 1.1793980049284911
403 -3.828201539187701e-14 -0.1 53.11220893891942 0.0
404 -3.8614493991180356e-14 -0.1 55.15498620580094 -1.1793980049284911
405 -3.863438224002635e-14 -0.1 57.19776347268246 -2.3587960098569822
406 -3.8535421225857576e-14 -0.1 59.24054073956397 -3.5381940147854736
407 -3.859861906301848e-14 -0.1 61.283318006445484 -4.7175920197139645
408 -3.898078912675293e-14 -0.1 63.326095273327006 -5.896990024642456
409 -3.648226337490866e-14 -0.1 65.36887254020851 -7.076388029570947
410 -3.864756393400186e-14 -0.1 67.41164980709003 -8.255786034499438
411 -3.643925463660147e-14 -0.1 69.45442707397156 -9.435184039427929
412 -3.8533810586810286e-14 -0.1 71.49720434085306 -10.61458204435642
413 -3.8650607423068637e-14 -0.1 73.53998160773459 -11.793980049284915
414 -3.898226746610551e-14 -0.1 75.5827588746161 -12.973378054213406
415 -3.934438889301683e-14 -0.1 77.62553614149762 -14.152776059141898
416 -3.9165304648344613e-14 -0.1 79.66831340837913 -15.332174064070388
417 -3.8823728207206967e-14 -0.1 81.71109067526065 -16.51157206899888
418 -3.8843992917644325e-14 -0.1 83.75386794214216 -17.69097007392737
419 -3.715536902323264e-14 -0.1 85.79664520902368 -18.87036807885586
420 -3.8810650244704947e-14 -0.1 28.598881736341227 16.51157206899888
421 -3.8963485306452654e-14 -0.1 30.641659003222742 15.332174064070388
422 -3.8873628012593286e-14 -0.1 32.68443627010426 14.152776059141898
423 -3.905836703297123e-14 -0.1 34.72721353698578 12.973378054213406
424 -3.894122736939866e-14 -0.1 36.76999080386729 11.793980049284915
425 -3.9143391592315636e-14 -0.1 38.8127680707488 10.614582044356425
426 -3.904525275542231e-14 -0.1 40.855545337630325 9.43518403942793
427 -3.8567895193270367e-14 -0.1 42.89832260451183 8.25578603449944
428 -3.861896605964691e-14 -0.1 44.941099871393355 7.076388029570949
429 -3.862699258471628e-14 -0.1 46.98387713827487 5.896990024642458
430 -3.81081206697962e-14 -0.1 49.02665440515639 4.717592019713966
431 -3.855974464264625e-14 -0.1 51.069431672037894 3.5381940147854753
432 -3.871075673802273e-14 -0.1 53.112208938919416 2.3587960098569822
433 -3.890393550083526e-14 -0.1 55.15498620580094 1.1793980049284911
434 -3.861062793286557e-14 -0.1 57.19776347268245 0.0
435 -3.9177741987579265e-14 -0.1 59.24054073956396 -1.1793980049284911
436 -3.904698101231978e-14 -0.1 61.283318006445484 -2.3587960098569822
437 -3.868154521367003e-14 -0.1 63.326095273327 -3.5381940147854736
438 -3.89921663613902e-14 -0.1 65.36887254020851 -4.7175920197139645
439 -3.842713525871195e-14 -0.1 67.41164980709003 -5.896990024642456
440 -3.9393582428363666e-14 -0.1 69.45442707397156 -7.076388029570947
441 -3.876038372857439e-14 -0.1 71.49720434085306 -8.255786034499438
442 -3.8965347007956724e-14 -0.1 73.53998160773457 -9.435184039427929
443 -3.8951705156452155e-14 -0.1 75.5827588746161 -10.614582044356425
444 -3.838066329915988e-14 -0.1 77.62553614149762 -11.793980049284915
445 -3.905930570844676e-14 -0.1 79.66831340837912 -12.973378054213406
446 -3.892390999746479e-14 -0.1 81.71109067526065 -14.152776059141898
447 -3.7425679212070076e-14 -0.1 83.75386794214216 -15.332174064070388
448 -3.816513907543049e-14 -0.1 85.79664520902367 -16.51157206899888
449 -3.855290381268446e-14 -0.1 87.8394224759052 -17.69097007392737
450 -3.904836885887657e-14 -0.1 30.641659003222742 17.69097007392737
451 -3.915932004896695e-14 -0.1 32.68443627010426 16.51157206899888
452 -3.922676241685659e-14 -0.1 34.72721353698578 15.332174064070388
453 -3.897730146463008e-14 -0.1 36.76999080386729 14.152776059141898
454 -3.883682462846719e-14 -0.1 38.81276807074881 12.973378054213406
455 -3.916825869440486e-14 -0.1 40.855545337630325 11.793980049284915
456 -3.830010375090575e-14 -0.1 42.89832260451184 10.614582044356423
457 -3.9248791309804004e-14 -0.1 44.941099871393355 9.43518403942793
458 -3.915391656765054e-14 -0.1 46.98387713827487 8.25578603449944
459 -3.906885252326159e-14 -0.1 49.02665440515639 7.076388029570949
460 -3.8756322152949297e-14 -0.1 51.0694316720379 5.896990024642458
461 -3.9155679334768816e-14 -0.1 53.112208938919416 4.717592019713966
462 -3.9046526073616224e-14 -0.1 55.15498620580094 3.5381940147854736
463 -3.8874726690665453e-14 -0.1 57.19776347268246 2.3587960098569822
464 -3.88699564270491e-14 -0.1 59.24054073956396 1.1793980049284911
465 -3.888252265204007e-14 -0.1 61.283318006445484 0.0
466 -3.913805169395489e-14 -0.1 63.326095273327006 -1.1793980049284911
467 -3.8901309067463847e-14 -0.1 65.36887254020851 -2.3587960098569822
468 -3.749292300288093e-14 -0.1 67.41164980709003 -3.5381940147854736
469 -3.887667574477141e-14 -0.1 69.45442707397154 -4.7175920197139645
470 -3.9099210316501473e-14 -0.1 71.49720434085306 -5.896990024642456
471 -3.8942663918677196e-14 -0.1 73.53998160773457 -7.076388029570947
472 -3.919087688818955e-14 -0.1 75.5827588746161 -8.255786034499438
473 -3.888632963921378e-14 -0.1 77.62553614149762 -9.435184039427932
474 -3.8653206520535013e-14 -0.1 79.66831340837913 -10.614582044356425
475 -3.897065068532089e-14 -0.1 81.71109067526065 -11.793980049284915
476 -3.886078597636865e-14 -0.1 83.75386794214216 -12.973378054213406
477 -3.820788717441779e-14 -0.1 85.79664520902368 -14.152776059141898
478 -3.891848670676361e-14 -0.1 87.8394224759052 -15.332174064070388
479 -3.870455808753797e-14 -0.1 89.88219974278671 -16.51157206899888
480 -3.8762761454215095e-14 -0.1 32.68443627010426 18.87036807885586
481 -3.9114412870565404e-14 -0.1 34.72721353698578 17.69097007392737
482 -3.605244898881718e-14 -0.1 36.76999080386729 16.51157206899888
483 -3.8120890493969676e-14 -0.1 38.81276807074881 15.332174064070388
484 -3.915417827406672e-14 -0.1 40.855545337630325 14.152776059141898
485 -3.825035539252228e-14 -0.1 42.89832260451184 12.973378054213406
486 -3.9215411374396025e-14 -0.1 44.941099871393355 11.793980049284913
487 -3.816368383946479e-14 -0.1 46.98387713827487 10.614582044356423
488 -3.8980265690141833e-14 -0.1 49.02665440515639 9.43518403942793
489 -3.90157507404161e-14 -0.1 51.0694316720379 8.25578603449944
490 -3.890122243354375e-14 -0.1 53.112208938919416 7.076388029570949
491 -3.882945173447406e-14 -0.1 55.15498620580094 5.896990024642458
492 -3.8885655571724706e-14 -0.1 57.19776347268246 4.7175920197139645
493 -3.874849122636274e-14 -0.1 59.24054073956397 3.5381940147854736
494 -3.908759685917397e-14 -0.1 61.283318006445484 2.3587960098569822
495 -3.684204714045419e-14 -0.1 63.326095273327006 1.1793980049284911
496 -3.7880065273596614e-14 -0.1 65.36887254020851 0.0
497 -3.8919533754904314e-14 -0.1 67.41164980709003 -1.1793980049284911
498 -3.8790256710007956e-14 -0.1 69.45442707397156 -2.3587960098569822
499 -3.907170054652092e-14 -0.1 71.49720434085306 -3.5381940147854736
500 -3.903384101039037e-14 -0.1 73.53998160773457 -4.7175920197139645
501 -3.8463454819606675e-14 -0.1 75.5827588746161 -5.896990024642456
502 -3.82183863451015e-14 -0.1 77.6255361414976 -7.076388029570947
503 -3.8705859021665845e-14 -0.1 79.66831340837913 -8.255786034499442
504 -3.822898949262471e-14 -0.1 81.71109067526065 -9.435184039427932
505 -3.842858303712632e-14 -0.1 83.75386794214216 -10.614582044356425
506 -3.84399385781306e-14 -0.1 85.79664520902368 -11.793980049284915
507 -3.866427958406345e-14 -0.1 87.8394224759052 -12.973378054213406
508 -3.903918729139808e-14 -0.1 89.88219974278671 -14.152776059141898
509 -3.900301866174793e-14 -0.1 91.92497700966824 -15.332174064070388
510 -3.911159454485318e-14 -0.1 34.72721353698577 20.049766083784352
511 -3.9196354322065036e-14 -0.1 36.76999080386729 18.87036807885586
512 -3.8290342480485845e-14 -0.1 38.8127680707488 17.69097007392737
513 -3.9110346894389224e-14 -0.1 40.855545337630325 16.51157206899888
514 -3.855842352070885e-14 -0.1 42.89832260451183 15.332174064070388
515 -3.907228880375833e-14 -0.1 44.94109987139335 14.152776059141898
516 -3.903890240931892e-14 -0.1 46.98387713827487 12.973378054213404
517 -3.92489892249085e-14 -0.1 49.026654405156386 11.793980049284913
518 -3.9025858237866914e-14 -0.1 51.0694316720379 10.614582044356423
519 -3.6922865578930955e-14 -0.1 53.112208938919416 9.43518403942793
520 -3.8059365571893156e-14 -0.1 55.15498620580094 8.25578603449944
521 -3.9039936036367474e-14 -0.1 57.19776347268244 7.076388029570949
522 -3.9058516011490184e-14 -0.1 59.24054073956396 5.896990024642456
523 -3.913624662300985e-14 -0.1 61.283318006445484 4.7175920197139645
524 -3.810188854115304e-14 -0.1 63.326095273327 3.5381940147854736
525 -3.9015510437112657e-14 -0.1 65.36887254020851 2.3587960098569822
526 -3.8938141634530016e-14 -0.1 67.41164980709003 1.1793980049284911
527 -3.891427008163214e-14 -0.1 69.45442707397154 0.0
528 -3.8939022214541435e-14 -0.1 71.49720434085306 -1.1793980049284911
529 -3.8947564651419226e-14 -0.1 73.53998160773457 -2.3587960098569822
530 -3.8580478360935463e-14 -0.1 75.5827588746161 -3.5381940147854736
531 -3.8941584969180474e-14 -0.1 77.6255361414976 -4.7175920197139645
532 -3.9052546870737224e-14 -0.1 79.66831340837912 -5.896990024642456
533 -3.7380599106949174e-14 -0.1 81.71109067526065 -7.076388029570951
534 -3.878672900891689e-14 -0.1 83.75386794214216 -8.255786034499442
535 -3.90965782373646e-14 -0.1 85.79664520902367 -9.435184039427932
536 -3.911849773596401e-14 -0.1 87.8394224759052 -10.614582044356425
537 -3.892889485696109e-14 -0.1 89.88219974278671 -11.793980049284915
538 -3.881253482282965e-14 -0.1 91.92497700966821 -12.973378054213406
539 -3.888210409064191e-14 -0.1 93.96775427654974 -14.152776059141898
540 -3.918498696759599e-14 -0.1 36.76999080386729 21.229164088712846
541 -3.8922474456561354e-14 -0.1 38.8127680707488 20.049766083784352
542 -3.909472716288621e-14 -0.1 40.855545337630325 18.87036807885586
543 -3.891032080767306e-14 -0.1 42.89832260451183 17.69097007392737
544 -3.836667321114968e-14 -0.1 44.941099871393355 16.51157206899888
545 -3.928220843460062e-14 -0.1 46.98387713827487 15.332174064070388
546 -3.9062739680848157e-14 -0.1 49.02665440515639 14.152776059141896
547 -3.812942275243005e-14 -0.1 51.0694316720379 12.973378054213404
548 -3.9249938930273407e-14 -0.1 53.112208938919416 11.793980049284913
549 -3.93506305990097e-14 -0.1 55.15498620580094 10.614582044356423
550 -3.9341522543698186e-14 -0.1 57.19776347268245 9.43518403942793
551 -3.8911937863445615e-14 -0.1 59.24054073956396 8.25578603449944
552 -3.923880245949092e-14 -0.1 61.283318006445484 7.076388029570947
553 -3.9221552469613725e-14 -0.1 63.326095273327006 5.896990024642456
554 -3.884033530359256e-14 -0.1 65.36887254020851 4.7175920197139645
555 -3.8265567809220655e-14 -0.1 67.41164980709003 3.5381940147854736
556 -3.831426394017963e-14 -0.1 69.45442707397156 2.3587960098569822
557 -3.7590364977202814e-14 -0.1 71.49720434085306 1.1793980049284911
558 -3.8961823797377005e-14 -0.1 73.53998160773457 0.0
559 -3.8750578019430814e-14 -0.1 75.5827588746161 -1.1793980049284911
560 -3.886099425252884e-14 -0.1 77.6255361414976 -2.3587960098569822
561 -3.83173904542968e-14 -0.1 79.66831340837912 -3.5381940147854736
562 -3.912646031635779e-14 -0.1 81.71109067526065 -4.7175920197139645
563 -3.8532382611871985e-14 -0.1 83.75386794214216 -5.896990024642459
564 -3.884758997855749e-14 -0.1 85.79664520902368 -7.076388029570951
565 -3.906459161784062e-14 -0.1 87.8394224759052 -8.255786034499442
566 -3.882091457431175e-14 -0.1 89.88219974278671 -9.435184039427932
567 -3.919710243200221e-14 -0.1 91.92497700966824 -10.614582044356425
568 -3.8913057575692116e-14 -0.1 93.96775427654974 -11.793980049284915
569 -3.887194359249314e-14 -0.1 96.01053154343126 -12.973378054213406
570 -3.887194359249314e-14 -0.1 38.8127680707488 22.408562093641336
571 -3.9197989889804874e-14 -0.1 40.85554533763032 21.229164088712846
572 -3.912603110152097e-14 -0.1 42.89832260451183 20.049766083784352
573 -3.9562315160620414e-14 -0.1 44.94109987139335 18.87036807885586
574 -3.9556179448821337e-14 -0.1 46.98387713827487 17.69097007392737
575 -3.949112518041216e-14 -0.1 49.026654405156386 16.51157206899888
576 -3.9435940310314605e-14 -0.1 51.069431672037894 15.332174064070387
577 -3.9045395824893355e-14 -0.1 53.112208938919416 14.152776059141896
578 -3.9642396281461134e-14 -0.1 55.15498620580093 12.973378054213404
579 -3.778465191686827e-14 -0.1 57.19776347268244 11.793980049284913
580 -3.975892920447858e-14 -0.1 59.24054073956396 10.614582044356423
581 -3.9160661687258594e-14 -0.1 61.28331800644548 9.43518403942793
582 -3.919021333052714e-14 -0.1 63.326095273327 8.255786034499438
583 -3.90547792920403e-14 -0.1 65.36887254020851 7.076388029570947
584 -3.8639515711330455e-14 -0.1 67.41164980709003 5.896990024642456
585 -3.774173748069285e-14 -0.1 69.45442707397154 4.7175920197139645
586 -3.891690226699709e-14 -0.1 71.49720434085306 3.5381940147854736
587 -3.9241613819241326e-14 -0.1 73.53998160773457 2.3587960098569822
588 -3.8417571254889457e-14 -0.1 75.5827588746161 1.1793980049284911
589 -3.83408904646048e-14 -0.1 77.6255361414976 0.0
590 -3.8344629540931266e-14 -0.1 79.66831340837912 -1.1793980049284911
591 -3.7039507517521354e-14 -0.1 81.71109067526065 -2.3587960098569822
592 -3.7783206520579094e-14 -0.1 83.75386794214215 -3.5381940147854736
593 -3.8625502651664934e-14 -0.1 85.79664520902368 -4.717592019713969
594 -3.8955312474191886e-14 -0.1 87.8394224759052 -5.896990024642459
595 -3.840235708237118e-14 -0.1 89.8821997427867 -7.076388029570951
596 -3.873079626626832e-14 -0.1 91.92497700966824 -8.255786034499442
597 -3.9128247921922586e-14 -0.1 93.96775427654974 -9.435184039427932
598 -3.916534595287838e-14 -0.1 96.01053154343124 -10.614582044356425
599 -3.832285870412808e-14 -0.1 98.05330881031279 -11.793980049284915
600 -3.9582083446618976e-14 -0.1 40.855545337630325 23.587960098569827
601 -3.935254413719547e-14 -0.1 42.89832260451183 22.408562093641336
602 -3.9433704137248006e-14 -0.1 44.941099871393355 21.229164088712846
603 -3.9120063063377744e-14 -0.1 46.98387713827487 20.049766083784352
604 -3.9556031104016516e-14 -0.1 49.02665440515639 18.87036807885586
605 -3.9651019298778953e-14 -0.1 51.0694316720379 17.69097007392737
606 -3.9002845947386824e-14 -0.1 53.112208938919416 16.511572068998877
607 -3.925274137053836e-14 -0.1 55.15498620580094 15.332174064070387
608 -3.9586483390989884e-14 -0.1 57.19776347268245 14.152776059141896
609 -3.857851545657764e-14 -0.1 59.24054073956396 12.973378054213404
610 -3.8704439583178044e-14 -0.1 61.283318006445484 11.793980049284913
611 -3.8841641607094494e-14 -0.1 63.326095273327 10.614582044356423
612 -3.7760323214962394e-14 -0.1 65.36887254020851 9.435184039427929
613 -3.866991378297076e-14 -0.1 67.41164980709003 8.255786034499438
614 -3.901829427932063e-14 -0.1 69.45442707397156 7.076388029570947
615 -3.9026746454074e-14 -0.1 71.49720434085306 5.896990024642456
616 -3.9068292577526277e-14 -0.1 73.53998160773457 4.7175920197139645
617 -3.8857454584107907e-14 -0.1 75.5827588746161 3.5381940147854736
618 -3.8904873490132436e-14 -0.1 77.6255361414976 2.3587960098569822
619 -3.8655939609450006e-14 -0.1 79.66831340837912 1.1793980049284911
620 -3.686975808141769e-14 -0.1 81.71109067526065 0.0
621 -3.8881512600615595e-14 -0.1 83.75386794214215 -1.1793980049284911
622 -3.8917643282244613e-14 -0.1 85.79664520902367 -2.3587960098569822
623 -3.898643253377018e-14 -0.1 87.8394224759052 -3.538194014785477
624 -3.6488420990723884e-14 -0.1 89.88219974278671 -4.717592019713969
625 -3.925128059100136e-14 -0.1 91.92497700966824 -5.896990024642459
626 -3.933942084710008e-14 -0.1 93.96775427654974 -7.076388029570951
627 -3.8909730844634627e-14 -0.1 96.01053154343126 -8.255786034499442
628 -3.8221339371973797e-14 -0.1 98.05330881031279 -9.435184039427932
629 -3.903244086482285e-14 -0.1 100.09608607719429 -10.614582044356425
630 -3.947370772342519e-14 -0.1 42.89832260451183 24.767358103498317
631 -3.9226835967658914e-14 -0.1 44.94109987139335 23.587960098569827
632 -3.994505276360561e-14 -0.1 46.98387713827487 22.408562093641336
633 -3.9721698499226917e-14 -0.1 49.026654405156386 21.229164088712846
634 -3.939686097093401e-14 -0.1 51.0694316720379 20.049766083784352
635 -3.8975123052191135e-14 -0.1 53.112208938919416 18.87036807885586
636 -3.975006289333996e-14 -0.1 55.15498620580094 17.690970073927367
637 -3.9885695966275293e-14 -0.1 57.19776347268245 16.511572068998877
638 -3.944334171860959e-14 -0.1 59.24054073956396 15.332174064070387
639 -3.961133175536714e-14 -0.1 61.283318006445484 14.152776059141896
640 -3.951337453660252e-14 -0.1 63.326095273327 12.973378054213404
641 -3.967155519072427e-14 -0.1 65.36887254020851 11.793980049284913
642 -3.938262551396549e-14 -0.1 67.41164980709003 10.61458204435642
643 -3.897596979841693e-14 -0.1 69.45442707397156 9.435184039427929
644 -3.7903480692572846e-14 -0.1 71.49720434085306 8.255786034499438
645 -3.8258016969862304e-14 -0.1 73.53998160773457 7.076388029570947
646 -3.854973966182468e-14 -0.1 75.5827588746161 5.896990024642456
647 -3.906018717959914e-14 -0.1 77.6255361414976 4.7175920197139645
648 -3.859856700323917e-14 -0.1 79.66831340837912 3.5381940147854736
649 -3.7524273996337553e-14 -0.1 81.71109067526065 2.3587960098569822
650 -3.881224123954981e-14 -0.1 83.75386794214215 1.1793980049284911
651 -3.890534190770101e-14 -0.1 85.79664520902367 0.0
652 -3.9006381075021345e-14 -0.1 87.8394224759052 -1.1793980049284911
653 -3.910938144250672e-14 -0.1 89.88219974278671 -2.3587960098569862
654 -3.898850923159627e-14 -0.1 91.92497700966824 -3.538194014785477
655 -3.923503832747979e-14 -0.1 93.96775427654974 -4.717592019713969
656 -3.950482226482478e-14 -0.1 96.01053154343126 -5.896990024642459
657 -3.9249758367089136e-14 -0.1 98.05330881031279 -7.076388029570951
658 -3.9186966071641714e-14 -0.1 100.09608607719429 -8.255786034499442
659 -3.964086075994177e-14 -0.1 102.1388633440758 -9.435184039427932
660 -3.9989763019519385e-14 -0.1 44.94109987139335 25.946756108426808
661 -3.93792974814325e-14 -0.1 46.98387713827486 24.767358103498317
662 -3.947187324345958e-14 -0.1 49.026654405156386 23.587960098569827
663 -3.946761949040134e-14 -0.1 51.069431672037894 22.408562093641336
664 -3.945140153875228e-14 -0.1 53.112208938919416 21.229164088712846
665 -3.936684272193022e-14 -0.1 55.15498620580093 20.049766083784352
666 -4.01182094265769e-14 -0.1 57.19776347268244 18.870368078855858
667 -3.947323147581318e-14 -0.1 59.24054073956396 17.690970073927367
668 -3.9488484403300934e-14 -0.1 61.28331800644548 16.511572068998877
669 -3.943949388939571e-14 -0.1 63.32609527332699 15.332174064070387
670 -3.937477619582868e-14 -0.1 65.36887254020851 14.152776059141896
671 -3.897726485771107e-14 -0.1 67.41164980709003 12.973378054213404
672 -3.9240389000908154e-14 -0.1 69.45442707397154 11.793980049284912
673 -3.8482852705839916e-14 -0.1 71.49720434085306 10.61458204435642
674 -3.8825506976052037e-14 -0.1 73.53998160773457 9.435184039427929
675 -3.662858656622572e-14 -0.1 75.5827588746161 8.255786034499438
676 -3.697591896993662e-14 -0.1 77.6255361414976 7.076388029570947
677 -3.877543403323551e-14 -0.1 79.66831340837912 5.896990024642456
678 -3.87877824236777e-14 -0.1 81.71109067526065 4.7175920197139645
679 -3.8968445727992574e-14 -0.1 83.75386794214215 3.5381940147854736
680 -3.900703790214965e-14 -0.1 85.79664520902367 2.3587960098569822
681 -3.84749332028929e-14 -0.1 87.8394224759052 1.1793980049284911
682 -3.904055645262241e-14 -0.1 89.8821997427867 0.0
683 -3.8975991470122506e-14 -0.1 91.92497700966824 -1.1793980049284951
684 -3.8009843275043925e-14 -0.1 93.96775427654974 -2.3587960098569862
685 -3.8832897596533643e-14 -0.1 96.01053154343124 -3.538194014785477
686 -3.898018151734742e-14 -0.1 98.05330881031279 -4.717592019713969
687 -3.90351900899672e-14 -0.1 100.09608607719429 -5.896990024642459
688 -3.9703065780103004e-14 -0.1 102.13886334407579 -7.076388029570951
689 -3.9646509216949425e-14 -0.1 104.18164061095733 -8.255786034499442
690 -3.975446132905758e-14 -0.1 46.98387713827488 27.126154113355305
691 -4.00186870766502e-14 -0.1 49.02665440515639 25.94675610842681
692 -4.013876304168309e-14 -0.1 51.06943167203791 24.76735810349832
693 -4.014059210814986e-14 -0.1 53.11220893891942 23.58796009856983
694 -4.003130019129454e-14 -0.1 55.154986205800945 22.40856209364134
695 -4.0256842373393284e-14 -0.1 57.19776347268246 21.22916408871285
696 -3.912317230060841e-14 -0.1 59.240540739563976 20.049766083784352
697 -4.003770995725416e-14 -0.1 61.28331800644549 18.870368078855865
698 -3.9530397943369904e-14 -0.1 63.326095273327006 17.69097007392737
699 -3.880069123336581e-14 -0.1 65.36887254020853 16.51157206899888
700 -3.9576008351641305e-14 -0.1 67.41164980709004 15.33217406407039
701 -3.8474682980940586e-14 -0.1 69.45442707397156 14.1527760591419
702 -3.934451462737247e-14 -0.1 71.49720434085307 12.973378054213406
703 -3.833884809593906e-14 -0.1 73.53998160773459 11.793980049284915
704 -3.853022978631758e-14 -0.1 75.5827588746161 10.614582044356425
705 -3.8538382539582046e-14 -0.1 77.62553614149762 9.435184039427932
706 -3.9013571754714856e-14 -0.1 79.66831340837913 8.255786034499442
707 -3.87116069022805e-14 -0.1 81.71109067526065 7.076388029570951
708 -3.8635211321348066e-14 -0.1 83.75386794214216 5.896990024642459
709 -3.876951722791333e-14 -0.1 85.79664520902368 4.717592019713969
710 -3.870168694896264e-14 -0.1 87.8394224759052 3.538194014785477
711 -3.891298208782094e-14 -0.1 89.88219974278671 2.3587960098569862
712 -3.828323627536559e-14 -0.1 91.92497700966824 1.1793980049284951
713 -3.9057208601078705e-14 -0.1 93.96775427654975 0.0
714 -3.892565812454382e-14 -0.1 96.01053154343127 -1.1793980049284911
715 -3.91141158170674e-14 -0.1 98.05330881031279 -2.3587960098569822
716 -3.909653642379557e-14 -0.1 100.0960860771943 -3.5381940147854736
717 -3.95043388619871e-14 -0.1 102.13886334407582 -4.7175920197139645
718 -3.9498223963176875e-14 -0.1 104.18164061095733 -5.896990024642456
719 -3.953581895674037e-14 -0.1 106.22441787783885 -7.076388029570947
720 -3.978498568350928e-14 -0.1 49.02665440515639 28.305552118283796
721 -3.925486636670615e-14 -0.1 51.0694316720379 27.126154113355305
722 -3.9760716043727756e-14 -0.1 53.11220893891942 25.94675610842681
723 -3.88248698292089e-14 -0.1 55.15498620580094 24.76735810349832
724 -4.0259640199936726e-14 -0.1 57.19776347268246 23.58796009856983
725 -3.968886476325982e-14 -0.1 59.24054073956397 22.40856209364134
726 -3.993867677995974e-14 -0.1 61.283318006445484 21.22916408871285
727 -3.933679717318017e-14 -0.1 63.326095273327006 20.049766083784352
728 -3.687673224282561e-14 -0.1 65.36887254020851 18.870368078855865
729 -3.953949999282918e-14 -0.1 67.41164980709003 17.69097007392737
730 -3.916638528561937e-14 -0.1 69.45442707397156 16.51157206899888
731 -3.775734248150094e-14 -0.1 71.49720434085306 15.33217406407039
732 -3.6812044177142125e-14 -0.1 73.53998160773459 14.152776059141898
733 -3.94494563123822e-14 -0.1 75.5827588746161 12.973378054213406
734 -3.9004499247025193e-14 -0.1 77.62553614149762 11.793980049284915
735 -3.8649818279082724e-14 -0.1 79.66831340837913 10.614582044356425
736 -3.905550015550536e-14 -0.1 81.71109067526065 9.435184039427932
737 -3.8892184970385256e-14 -0.1 83.75386794214216 8.255786034499442
738 -3.712205152725916e-14 -0.1 85.79664520902368 7.076388029570951
739 -3.8804209779792964e-14 -0.1 87.8394224759052 5.896990024642459
740 -3.8343489787002924e-14 -0.1 89.88219974278671 4.717592019713969
741 -3.9258949076891006e-14 -0.1 91.92497700966824 3.538194014785477
742 -3.820057224814924e-14 -0.1 93.96775427654974 2.3587960098569862
743 -3.941776030085984e-14 -0.1 96.01053154343127 1.1793980049284911
744 -3.893608990483174e-14 -0.1 98.05330881031279 0.0
745 -3.95967575407062e-14 -0.1 100.09608607719429 -1.1793980049284911
746 -3.9546645384301375e-14 -0.1 102.13886334407582 -2.3587960098569822
747 -3.976610613220107e-14 -0.1 104.18164061095733 -3.5381940147854736
748 -3.9902373562319195e-14 -0.1 106.22441787783883 -4.7175920197139645
749 -4.0031116478383664e-14 -0.1 108.26719514472038 -5.896990024642456
750 -4.024416137130574e-14 -0.1 51.0694316720379 29.484950123212286
751 -4.036574655723452e-14 -0.1 53.112208938919416 28.305552118283796
752 -3.913357921422249e-14 -0.1 55.15498620580094 27.126154113355305
753 -4.054416782318778e-14 -0.1 57.19776347268245 25.94675610842681
754 -3.9767075517800467e-14 -0.1 59.24054073956397 24.76735810349832
755 -4.0359778901350407e-14 -0.1 61.283318006445484 23.58796009856983
756 -3.9607326999409745e-14 -0.1 63.326095273327006 22.408562093641336
757 -3.8980222529031415e-14 -0.1 65.36887254020851 21.22916408871285
758 -4.0261953097132953e-14 -0.1 67.41164980709003 20.049766083784352
759 -3.979625885090116e-14 -0.1 69.45442707397156 18.870368078855865
760 -3.686788148452967e-14 -0.1 71.49720434085306 17.69097007392737
761 -3.9048295782453145e-14 -0.1 73.53998160773457 16.51157206899888
762 -3.9440086491714045e-14 -0.1 75.5827588746161 15.332174064070388
763 -3.8420612073289456e-14 -0.1 77.62553614149762 14.152776059141898
764 -3.872118727452149e-14 -0.1 79.66831340837912 12.973378054213406
765 -3.814136333231887e-14 -0.1 81.71109067526065 11.793980049284915
766 -3.8542564600101786e-14 -0.1 83.75386794214216 10.614582044356425
767 -3.709593869204734e-14 -0.1 85.79664520902367 9.435184039427932
768 -3.8651094601222775e-14 -0.1 87.8394224759052 8.255786034499442
769 -3.8930881532761696e-14 -0.1 89.8821997427867 7.076388029570951
770 -3.936400169060263e-14 -0.1 91.92497700966824 5.896990024642459
771 -3.880530408085028e-14 -0.1 93.96775427654974 4.717592019713969
772 -3.946391425965358e-14 -0.1 96.01053154343124 3.538194014785477
773 -3.9166312309662716e-14 -0.1 98.05330881031279 2.3587960098569822
774 -3.967680140962534e-14 -0.1 100.09608607719429 1.1793980049284911
775 -3.93539308966549e-14 -0.1 102.1388633440758 0.0
776 -3.888818087360909e-14 -0.1 104.18164061095733 -1.1793980049284911
777 -3.976496713416892e-14 -0.1 106.22441787783883 -2.3587960098569822
778 -3.9531662277956327e-14 -0.1 108.26719514472035 -3.5381940147854736
779 -3.8545981027156374e-14 -0.1 110.30997241160188 -4.7175920197139645
780 -4.007497291747612e-14 -0.1 53.11220893891942 30.664348128140777
781 -4.035221265053912e-14 -0.1 55.15498620580094 29.484950123212286
782 -3.8734978783967686e-14 -0.1 57.19776347268246 28.305552118283796
783 -3.941941908198736e-14 -0.1 59.24054073956397 27.126154113355305
784 -4.018628002124564e-14 -0.1 61.28331800644549 25.94675610842681
785 -3.9878365697610285e-14 -0.1 63.326095273327006 24.76735810349832
786 -3.9717940890769054e-14 -0.1 65.36887254020853 23.58796009856983
787 -4.0238561235145976e-14 -0.1 67.41164980709004 22.408562093641336
788 -4.0199387965637394e-14 -0.1 69.45442707397156 21.22916408871285
789 -3.9696234333610596e-14 -0.1 71.49720434085307 20.049766083784352
790 -3.995700232609111e-14 -0.1 73.53998160773459 18.870368078855865
791 -3.9374447241630274e-14 -0.1 75.5827588746161 17.69097007392737
792 -3.751350546623539e-14 -0.1 77.62553614149762 16.51157206899888
793 -3.764419876309258e-14 -0.1 79.66831340837913 15.332174064070388
794 -3.855388581523024e-14 -0.1 81.71109067526065 14.152776059141898
795 -3.853567985510426e-14 -0.1 83.75386794214216 12.973378054213406
796 -3.8956758803535235e-14 -0.1 85.79664520902368 11.793980049284915
797 -3.850879160462011e-14 -0.1 87.8394224759052 10.614582044356425
798 -3.926041103464339e-14 -0.1 89.88219974278671 9.435184039427932
799 -3.8647647693593707e-14 -0.1 91.92497700966824 8.255786034499442
800 -3.9155800101787296e-14 -0.1 93.96775427654974 7.076388029570951
801 -3.927691698718209e-14 -0.1 96.01053154343126 5.896990024642459
802 -3.81915874894063e-14 -0.1 98.05330881031279 4.717592019713969
803 -3.951780999038851e-14 -0.1 100.0960860771943 3.5381940147854736
804 -3.955355920041565e-14 -0.1 102.13886334407582 2.3587960098569822
805 -3.836170776480512e-14 -0.1 104.18164061095733 1.1793980049284911
806 -4.0215679631780763e-14 -0.1 106.22441787783885 0.0
807 -3.945241402478549e-14 -0.1 108.26719514472038 -1.1793980049284911
808 -4.018193870105235e-14 -0.1 110.30997241160188 -2.3587960098569822
809 -3.9952574054885016e-14 -0.1 112.35274967848339 -3.5381940147854736
810 -4.0148042396967944e-14 -0.1 55.15498620580094 31.843746133069267
811 -4.0401216301384226e-14 -0.1 57.19776347268245 30.664348128140777
812 -3.948564365532516e-14 -0.1 59.24054073956397 29.484950123212286
813 -3.986379230635058e-14 -0.1 61.283318006445484 28.305552118283796
814 -4.060479182819406e-14 -0.1 63.326095273327006 27.126154113355305
815 -4.0077129798470857e-14 -0.1 65.36887254020851 25.94675610842681
816 -4.0006578861833987e-14 -0.1 67.41164980709003 24.767358103498317
817 -4.038486427909328e-14 -0.1 69.45442707397156 23.58796009856983
818 -3.7731463532501756e-14 -0.1 71.49720434085307 22.408562093641336
819 -3.996396080896782e-14 -0.1 73.53998160773457 21.22916408871285
820 -3.924538281034506e-14 -0.1 75.5827588746161 20.049766083784352
821 -3.8921767137983394e-14 -0.1 77.6255361414976 18.870368078855865
822 -3.897984599240125e-14 -0.1 79.66831340837913 17.69097007392737
823 -3.909663067633827e-14 -0.1 81.71109067526065 16.51157206899888
824 -3.847876588769301e-14 -0.1 83.75386794214216 15.332174064070388
825 -3.879827160351297e-14 -0.1 85.79664520902368 14.152776059141898
826 -3.756735656416206e-14 -0.1 87.8394224759052 12.973378054213406
827 -3.895923010826048e-14 -0.1 89.88219974278671 11.793980049284915
828 -3.904996983832559e-14 -0.1 91.92497700966824 10.614582044356425
829 -3.841999664498953e-14 -0.1 93.96775427654974 9.435184039427932
830 -3.806196845220653e-14 -0.1 96.01053154343126 8.255786034499442
831 -3.9354941878197305e-14 -0.1 98.05330881031279 7.076388029570951
832 -3.962833787072419e-14 -0.1 100.09608607719429 5.896990024642459
833 -3.9753094229824975e-14 -0.1 102.13886334407582 4.7175920197139645
834 -3.9102710255049677e-14 -0.1 104.18164061095733 3.5381940147854736
835 -3.9637019328335757e-14 -0.1 106.22441787783883 2.3587960098569822
836 -3.9916468758291296e-14 -0.1 108.26719514472038 1.1793980049284911
837 -4.031128560283866e-14 -0.1 110.30997241160188 0.0
838 -4.032911984483276e-14 -0.1 112.35274967848338 -1.1793980049284911
839 -3.991560061729146e-14 -0.1 114.39552694536492 -2.3587960098569822
840 -4.0524382440679494e-14 -0.1 57.19776347268245 33.02314413799776
841 -4.0680529664403086e-14 -0.1 59.24054073956396 31.843746133069267
842 -4.0433367644057683e-14 -0.1 61.283318006445484 30.664348128140777
843 -4.0533236286695633e-14 -0.1 63.326095273327 29.484950123212286
844 -4.048131888694127e-14 -0.1 65.36887254020851 28.305552118283796
845 -4.0293073779520805e-14 -0.1 67.41164980709003 27.126154113355305
846 -3.76305279485107e-14 -0.1 69.45442707397156 25.94675610842681
847 -4.0209573530422803e-14 -0.1 71.49720434085306 24.767358103498317
848 -3.97581268749827e-14 -0.1 73.53998160773457 23.58796009856983
849 -3.970929459629992e-14 -0.1 75.5827588746161 22.408562093641336
850 -3.9171332237887896e-14 -0.1 77.6255361414976 21.22916408871285
851 -3.899755979024332e-14 -0.1 79.66831340837912 20.049766083784352
852 -3.907734648364282e-14 -0.1 81.71109067526065 18.87036807885586
853 -3.887114013170584e-14 -0.1 83.75386794214216 17.69097007392737
854 -3.889141513800448e-14 -0.1 85.79664520902367 16.51157206899888
855 -3.878826148422895e-14 -0.1 87.8394224759052 15.332174064070388
856 -3.882929354677496e-14 -0.1 89.88219974278671 14.152776059141898
857 -3.911804805124722e-14 -0.1 91.92497700966821 12.973378054213406
858 -3.898951325513098e-14 -0.1 93.96775427654974 11.793980049284915
859 -3.751521144505201e-14 -0.1 96.01053154343124 10.614582044356425
860 -3.8279255739887294e-14 -0.1 98.05330881031279 9.435184039427932
861 -3.8876220136329105e-14 -0.1 100.09608607719429 8.255786034499442
862 -3.938089052514789e-14 -0.1 102.13886334407579 7.076388029570951
863 -3.8168791030613325e-14 -0.1 104.18164061095733 5.896990024642456
864 -3.9981498735822005e-14 -0.1 106.22441787783883 4.7175920197139645
865 -3.9649242140209636e-14 -0.1 108.26719514472035 3.5381940147854736
866 -3.948577343002739e-14 -0.1 110.30997241160188 2.3587960098569822
867 -4.028755495142606e-14 -0.1 112.35274967848338 1.1793980049284911
868 -4.037614015546897e-14 -0.1 114.3955269453649 0.0
869 -4.0605995662105907e-14 -0.1 116.43830421224642 -1.1793980049284911
870 -4.085749077681149e-14 -0.1 59.24054073956397 34.20254214292625
871 -4.0620018572398784e-14 -0.1 61.283318006445484 33.02314413799776
872 -4.0629321910342565e-14 -0.1 63.326095273327006 31.843746133069267
873 -3.800271363535087e-14 -0.1 65.36887254020851 30.664348128140777
874 -4.028576545362903e-14 -0.1 67.41164980709004 29.484950123212286
875 -4.013215929161832e-14 -0.1 69.45442707397156 28.305552118283796
876 -3.9815738957939576e-14 -0.1 71.49720434085307 27.1261541133553
877 -4.0218388803931554e-14 -0.1 73.53998160773457 25.94675610842681
878 -3.9829311982440067e-14 -0.1 75.5827588746161 24.767358103498317
879 -3.9536585812434433e-14 -0.1 77.62553614149762 23.58796009856983
880 -3.9531850634645374e-14 -0.1 79.66831340837913 22.408562093641336
881 -3.875497414735204e-14 -0.1 81.71109067526065 21.22916408871285
882 -3.87142417014498e-14 -0.1 83.75386794214216 20.049766083784352
883 -3.824931146063912e-14 -0.1 85.79664520902368 18.87036807885586
884 -3.864065330330884e-14 -0.1 87.8394224759052 17.69097007392737
885 -3.889925879794337e-14 -0.1 89.88219974278671 16.51157206899888
886 -3.8759857376910304e-14 -0.1 91.92497700966824 15.332174064070388
887 -3.918323625319142e-14 -0.1 93.96775427654974 14.152776059141898
888 -3.8984024746985464e-14 -0.1 96.01053154343126 12.973378054213406
889 -3.8802395572334314e-14 -0.1 98.05330881031279 11.793980049284915
890 -3.9076806583778915e-14 -0.1 100.09608607719429 10.614582044356425
891 -3.9328958500345006e-14 -0.1 102.1388633440758 9.435184039427932
892 -3.957014940412603e-14 -0.1 104.18164061095733 8.255786034499442
893 -3.955954798324413e-14 -0.1 106.22441787783885 7.076388029570947
894 -3.903341141847642e-14 -0.1 108.26719514472038 5.896990024642456
895 -4.0138852776930335e-14 -0.1 110.30997241160188 4.7175920197139645
896 -3.997340543657513e-14 -0.1 112.35274967848339 3.5381940147854736
897 -4.02358364653775e-14 -0.1 114.39552694536492 2.3587960098569822
898 -4.066183916169361e-14 -0.1 116.43830421224642 1.1793980049284911
899 -4.060386615092534e-14 -0.1 118.48108147912794 0.0
