I Vapp Center(x) Center(y)
-8.121268498499857e-13 -0.1 0.0 0.0
-8.111982776463906e-13 -0.1 2.042777266881516 -1.1793980049284913
-8.121335742460147e-13 -0.1 4.085554533763032 -2.3587960098569827
-8.141007619745186e-13 -0.1 6.128331800644549 -3.5381940147854745
-8.117963253913346e-13 -0.1 8.171109067526064 -4.717592019713965
-8.110900007973375e-13 -0.1 10.213886334407581 -5.896990024642457
-8.126754993881032e-13 -0.1 12.256663601289098 -7.076388029570949
-8.086336220282074e-13 -0.1 14.299440868170613 -8.25578603449944
-8.086336220282074e-13 -0.1 16.34221813505213 -9.43518403942793
-8.133512175686703e-13 -0.1 18.384995401933644 -10.614582044356423
-8.113123821601761e-13 -0.1 20.427772668815162 -11.793980049284913
-8.099315435746698e-13 -0.1 22.470549935696674 -12.973378054213404
-8.097406473442641e-13 -0.1 24.513327202578196 -14.152776059141898
-8.099373301586154e-13 -0.1 26.55610446945971 -15.332174064070388
-8.106416543991896e-13 -0.1 28.598881736341227 -16.51157206899888
-8.119784357878066e-13 -0.1 30.641659003222742 -17.69097007392737
-8.136336406284347e-13 -0.1 32.68443627010426 -18.87036807885586
-8.090454236981455e-13 -0.1 34.72721353698577 -20.049766083784352
-8.106141095242371e-13 -0.1 36.76999080386729 -21.229164088712846
-8.11825732404538e-13 -0.1 38.8127680707488 -22.408562093641336
-8.100965161007277e-13 -0.1 40.855545337630325 -23.587960098569827
-8.106418540588813e-13 -0.1 42.89832260451183 -24.767358103498317
-8.131258140522011e-13 -0.1 44.94109987139335 -25.946756108426808
-8.105800634241908e-13 -0.1 46.98387713827488 -27.126154113355305
-8.132101459677992e-13 -0.1 49.02665440515639 -28.305552118283796
-8.128356170086637e-13 -0.1 51.0694316720379 -29.484950123212286
-8.124600548780664e-13 -0.1 53.11220893891942 -30.664348128140777
-8.133551775792637e-13 -0.1 55.15498620580094 -31.843746133069267
-8.141842885699318e-13 -0.1 57.19776347268245 -33.02314413799776
-8.103578057514814e-13 -0.1 59.24054073956397 -34.20254214292625
-8.149913190482545e-13 -0.1 2.042777266881516 1.1793980049284913
-8.11335644775861e-13 -0.1 4.085554533763032 0.0
-8.109451989873131e-13 -0.1 6.128331800644549 -1.1793980049284913
-8.117401076699935e-13 -0.1 8.171109067526064 -2.358796009856983
-8.133253736415833e-13 -0.1 10.213886334407581 -3.5381940147854745
-8.122906387337724e-13 -0.1 12.256663601289098 -4.717592019713965
-8.111078581030269e-13 -0.1 14.299440868170615 -5.896990024642458
-8.13317997004019e-13 -0.1 16.34221813505213 -7.076388029570949
-8.113863827340309e-13 -0.1 18.384995401933644 -8.25578603449944
-8.114115650143396e-13 -0.1 20.427772668815162 -9.43518403942793
-8.135768658915733e-13 -0.1 22.470549935696678 -10.614582044356423
-8.103014129143694e-13 -0.1 24.513327202578193 -11.793980049284913
-8.135353779840124e-13 -0.1 26.55610446945971 -12.973378054213406
-8.114020484550585e-13 -0.1 28.59888173634123 -14.152776059141898
-8.140651390673358e-13 -0.1 30.641659003222742 -15.332174064070388
-8.095173514051629e-13 -0.1 32.68443627010426 -16.51157206899888
-8.114563898227074e-13 -0.1 34.72721353698578 -17.69097007392737
-8.099297672502663e-13 -0.1 36.76999080386729 -18.87036807885586
-8.137207991774853e-13 -0.1 38.8127680707488 -20.049766083784352
-8.135074952356772e-13 -0.1 40.85554533763032 -21.229164088712846
-8.110880262484709e-13 -0.1 42.89832260451183 -22.408562093641336
-8.129277665314378e-13 -0.1 44.94109987139335 -23.587960098569827
-8.13512030232857e-13 -0.1 46.98387713827486 -24.767358103498317
-8.108813718440813e-13 -0.1 49.02665440515639 -25.94675610842681
-8.115211627903212e-13 -0.1 51.0694316720379 -27.126154113355305
-8.124930103481781e-13 -0.1 53.112208938919416 -28.305552118283796
-8.1350712328325e-13 -0.1 55.15498620580094 -29.484950123212286
-8.119896858554486e-13 -0.1 57.19776347268245 -30.664348128140777
-8.125217289047145e-13 -0.1 59.24054073956396 -31.843746133069267
-8.125217289047145e-13 -0.1 61.283318006445484 -33.02314413799776
-8.117750828258739e-13 -0.1 4.085554533763032 2.3587960098569827
-8.126750541647063e-13 -0.1 6.128331800644549 1.1793980049284913
-8.126226386740306e-13 -0.1 8.171109067526064 0.0
-8.137643665017998e-13 -0.1 10.213886334407581 -1.1793980049284916
-8.121643116135193e-13 -0.1 12.256663601289098 -2.3587960098569827
-8.120869146960347e-13 -0.1 14.299440868170613 -3.538194014785474
-8.126480098650003e-13 -0.1 16.34221813505213 -4.717592019713966
-8.121684730946148e-13 -0.1 18.384995401933644 -5.896990024642458
-8.139559854323682e-13 -0.1 20.427772668815162 -7.076388029570949
-8.11318756569068e-13 -0.1 22.470549935696678 -8.25578603449944
-8.133670130186122e-13 -0.1 24.513327202578196 -9.43518403942793
-8.136815315149981e-13 -0.1 26.556104469459708 -10.614582044356423
-8.107599840944946e-13 -0.1 28.59888173634123 -11.793980049284915
-8.127193793928703e-13 -0.1 30.641659003222745 -12.973378054213406
-8.117918251997466e-13 -0.1 32.68443627010426 -14.152776059141898
-8.124178860029567e-13 -0.1 34.72721353698578 -15.332174064070388
-8.106002159170972e-13 -0.1 36.76999080386729 -16.51157206899888
-8.137276047553913e-13 -0.1 38.8127680707488 -17.69097007392737
-8.12781878374967e-13 -0.1 40.855545337630325 -18.87036807885586
-8.129250639344343e-13 -0.1 42.89832260451183 -20.049766083784352
-8.110200345856098e-13 -0.1 44.941099871393355 -21.229164088712846
-8.118930711255588e-13 -0.1 46.98387713827487 -22.408562093641336
-8.117717640442635e-13 -0.1 49.026654405156386 -23.587960098569827
-8.122042734913328e-13 -0.1 51.06943167203791 -24.76735810349832
-8.10903895145648e-13 -0.1 53.11220893891942 -25.94675610842681
-8.10903895145648e-13 -0.1 55.15498620580094 -27.126154113355305
-8.143782995956386e-13 -0.1 57.19776347268246 -28.305552118283796
-8.12261712950027e-13 -0.1 59.24054073956397 -29.484950123212286
-8.114571413681475e-13 -0.1 61.283318006445484 -30.664348128140777
-8.114475744174431e-13 -0.1 63.326095273327006 -31.843746133069267
-8.108495456575623e-13 -0.1 6.128331800644549 3.5381940147854745
-8.09554318847339e-13 -0.1 8.171109067526064 2.358796009856983
-8.115759787372338e-13 -0.1 10.213886334407581 1.1793980049284916
-8.113842059835286e-13 -0.1 12.256663601289098 0.0
-8.119668697411615e-13 -0.1 14.299440868170615 -1.1793980049284911
-8.128015578283338e-13 -0.1 16.34221813505213 -2.3587960098569822
-8.128404933326796e-13 -0.1 18.384995401933647 -3.5381940147854745
-8.105337314600388e-13 -0.1 20.427772668815162 -4.717592019713965
-8.107428246159398e-13 -0.1 22.470549935696678 -5.896990024642457
-8.113429140511319e-13 -0.1 24.513327202578196 -7.076388029570948
-8.115574682200808e-13 -0.1 26.556104469459708 -8.255786034499438
-8.115439895087974e-13 -0.1 28.59888173634122 -9.435184039427929
-8.128987344030178e-13 -0.1 30.641659003222742 -10.614582044356425
0.0 -0.1 32.684436270104264 -11.793980049284915
0.0 -0.1 34.72721353698578 -12.973378054213406
-8.10273754154765e-13 -0.1 36.76999080386729 -14.152776059141898
-8.095173669688121e-13 -0.1 38.81276807074881 -15.332174064070388
-8.102321090823532e-13 -0.1 40.855545337630325 -16.51157206899888
-8.109871582297935e-13 -0.1 42.89832260451183 -17.69097007392737
-8.133222944801046e-13 -0.1 44.94109987139335 -18.87036807885586
-8.110166938901068e-13 -0.1 46.98387713827487 -20.049766083784352
-8.105006916398025e-13 -0.1 49.026654405156386 -21.229164088712846
-8.102540904627614e-13 -0.1 51.069431672037894 -22.408562093641336
-8.127302057309511e-13 -0.1 53.11220893891942 -23.58796009856983
-8.117035474287508e-13 -0.1 55.15498620580094 -24.76735810349832
-8.114407686811298e-13 -0.1 57.19776347268245 -25.94675610842681
-8.131640086513089e-13 -0.1 59.24054073956397 -27.126154113355305
-8.116957444533911e-13 -0.1 61.283318006445484 -28.305552118283796
-8.116957444533911e-13 -0.1 63.326095273327 -29.484950123212286
-8.116957444533911e-13 -0.1 65.36887254020851 -30.664348128140777
-8.143341401322208e-13 -0.1 8.171109067526064 4.717592019713965
-8.113482230899663e-13 -0.1 10.213886334407581 3.5381940147854745
-8.135100968342366e-13 -0.1 12.256663601289098 2.3587960098569827
-8.135737603266738e-13 -0.1 14.299440868170615 1.1793980049284911
-8.100145869424234e-13 -0.1 16.34221813505213 0.0
-8.130808068405291e-13 -0.1 18.384995401933644 -1.1793980049284911
-8.091358571782117e-13 -0.1 20.427772668815162 -2.358796009856983
-8.124887841208307e-13 -0.1 22.470549935696678 -3.5381940147854745
-8.113340301185122e-13 -0.1 24.513327202578196 -4.717592019713965
-8.119819518298721e-13 -0.1 26.556104469459708 -5.896990024642457
-8.097688192067173e-13 -0.1 28.598881736341227 -7.076388029570948
-8.128894910704482e-13 -0.1 30.64165900322274 -8.255786034499438
-8.115554757979042e-13 -0.1 32.68443627010426 -9.435184039427932
-8.130383308038932e-13 -0.1 34.72721353698578 -10.614582044356425
-8.117232806839504e-13 -0.1 36.76999080386729 -11.793980049284915
-8.111921364728841e-13 -0.1 38.81276807074881 -12.973378054213406
-8.113521914356029e-13 -0.1 40.855545337630325 -14.152776059141898
-8.11458171570594e-13 -0.1 42.89832260451183 -15.332174064070388
-8.092056937310261e-13 -0.1 44.941099871393355 -16.51157206899888
-8.109014389583994e-13 -0.1 46.98387713827487 -17.69097007392737
-8.111251283114606e-13 -0.1 49.02665440515639 -18.87036807885586
-8.111709525535668e-13 -0.1 51.0694316720379 -20.049766083784352
0.0 -0.1 53.112208938919416 -21.229164088712846
-8.107259296062018e-13 -0.1 55.154986205800945 -22.40856209364134
-8.108605310706826e-13 -0.1 57.19776347268246 -23.58796009856983
-8.116534729958687e-13 -0.1 59.24054073956397 -24.76735810349832
-8.142542408244784e-13 -0.1 61.28331800644549 -25.94675610842681
-8.114490650099118e-13 -0.1 63.326095273327006 -27.126154113355305
-8.11544215302278e-13 -0.1 65.36887254020851 -28.305552118283796
-8.125675775728474e-13 -0.1 67.41164980709004 -29.484950123212286
-8.126829490473353e-13 -0.1 10.213886334407581 5.896990024642457
-8.114716106204467e-13 -0.1 12.256663601289098 4.717592019713965
-8.125397745447221e-13 -0.1 14.299440868170613 3.538194014785474
-8.137197397860529e-13 -0.1 16.34221813505213 2.3587960098569822
-8.106823260466964e-13 -0.1 18.384995401933644 1.1793980049284911
-8.085750091307343e-13 -0.1 20.427772668815162 0.0
-8.115633665287773e-13 -0.1 22.470549935696678 -1.1793980049284922
-8.119511162756995e-13 -0.1 24.513327202578196 -2.358796009856983
-8.116386398837223e-13 -0.1 26.556104469459708 -3.5381940147854745
-8.096857085716704e-13 -0.1 28.598881736341227 -4.717592019713965
-8.136683281219865e-13 -0.1 30.641659003222742 -5.896990024642457
-8.088817321090597e-13 -0.1 32.68443627010426 -7.076388029570948
-8.112620086207186e-13 -0.1 34.72721353698578 -8.25578603449944
-8.113325103247367e-13 -0.1 36.769990803867294 -9.435184039427932
0.0 -0.1 38.8127680707488 -10.614582044356425
-8.13398105169158e-13 -0.1 40.855545337630325 -11.793980049284915
-8.137164585387941e-13 -0.1 42.89832260451184 -12.973378054213406
-8.107714586930932e-13 -0.1 44.94109987139335 -14.152776059141898
-8.123181507958565e-13 -0.1 46.98387713827487 -15.332174064070388
-8.110845275791387e-13 -0.1 49.026654405156386 -16.51157206899888
-8.12590304773444e-13 -0.1 51.0694316720379 -17.69097007392737
-8.107607714006581e-13 -0.1 53.112208938919416 -18.87036807885586
0.0 -0.1 55.15498620580093 -20.049766083784352
-8.097710903033904e-13 -0.1 57.19776347268246 -21.22916408871285
-8.112791425900493e-13 -0.1 59.24054073956397 -22.40856209364134
-8.119056154157149e-13 -0.1 61.283318006445484 -23.58796009856983
-8.096693652825344e-13 -0.1 63.326095273327006 -24.76735810349832
-8.110031170100428e-13 -0.1 65.36887254020851 -25.94675610842681
-8.116797014932563e-13 -0.1 67.41164980709003 -27.126154113355305
-8.113555807537857e-13 -0.1 69.45442707397156 -28.305552118283796
-8.114266879509282e-13 -0.1 12.256663601289098 7.076388029570949
-8.124009381100793e-13 -0.1 14.299440868170615 5.896990024642458
-8.109486579812157e-13 -0.1 16.34221813505213 4.717592019713966
-8.137002728057873e-13 -0.1 18.384995401933647 3.5381940147854745
-8.12163977905893e-13 -0.1 20.427772668815162 2.358796009856983
-8.113976795917727e-13 -0.1 22.470549935696678 1.1793980049284922
-8.126642735385966e-13 -0.1 24.513327202578196 0.0
-8.125070859345777e-13 -0.1 26.556104469459708 -1.1793980049284911
-8.121896391539209e-13 -0.1 28.59888173634123 -2.3587960098569822
-8.12966524832451e-13 -0.1 30.641659003222742 -3.5381940147854736
-8.116562223491011e-13 -0.1 32.68443627010426 -4.7175920197139645
-8.100919870659814e-13 -0.1 34.72721353698577 -5.896990024642456
-8.115417875482797e-13 -0.1 36.769990803867294 -7.076388029570949
-8.111683080234525e-13 -0.1 38.81276807074881 -8.25578603449944
-8.132923621125535e-13 -0.1 40.855545337630325 -9.43518403942793
-8.128584277799251e-13 -0.1 42.89832260451184 -10.614582044356423
-8.128584277799251e-13 -0.1 44.941099871393355 -11.793980049284913
-8.125533979394309e-13 -0.1 46.98387713827487 -12.973378054213404
-8.131718850068895e-13 -0.1 49.02665440515639 -14.152776059141896
-8.120412711518675e-13 -0.1 51.069431672037894 -15.332174064070387
-8.111872354851639e-13 -0.1 53.112208938919416 -16.511572068998877
-8.107516369631122e-13 -0.1 55.15498620580094 -17.690970073927367
-8.097508540440629e-13 -0.1 57.19776347268244 -18.870368078855858
-8.093449433559825e-13 -0.1 59.240540739563976 -20.049766083784352
-8.099209486729852e-13 -0.1 61.283318006445484 -21.22916408871285
-8.129326995218494e-13 -0.1 63.326095273327006 -22.408562093641336
-8.102368209068946e-13 -0.1 65.36887254020853 -23.58796009856983
-8.130272393330885e-13 -0.1 67.41164980709003 -24.767358103498317
-8.111351781542198e-13 -0.1 69.45442707397156 -25.94675610842681
-8.111351781542198e-13 -0.1 71.49720434085307 -27.1261541133553
-8.14088748937037e-13 -0.1 14.299440868170613 8.25578603449944
-8.099442314418888e-13 -0.1 16.34221813505213 7.076388029570949
0.0 -0.1 18.384995401933644 5.896990024642458
0.0 -0.1 20.427772668815162 4.717592019713965
0.0 -0.1 22.470549935696678 3.5381940147854745
-8.111808234093526e-13 -0.1 24.513327202578196 2.358796009856983
-8.117182482892822e-13 -0.1 26.556104469459708 1.1793980049284911
-8.114337523429875e-13 -0.1 28.598881736341227 0.0
-8.118702821304349e-13 -0.1 30.641659003222742 -1.1793980049284911
-8.118813675164053e-13 -0.1 32.68443627010426 -2.3587960098569822
-8.109619169980885e-13 -0.1 34.72721353698578 -3.5381940147854736
-8.113284019900964e-13 -0.1 36.76999080386729 -4.7175920197139645
-8.117666748487381e-13 -0.1 38.81276807074881 -5.896990024642458
-8.126407791903867e-13 -0.1 40.855545337630325 -7.076388029570949
-8.125333039167262e-13 -0.1 42.89832260451183 -8.25578603449944
-8.111565852016369e-13 -0.1 44.941099871393355 -9.43518403942793
-8.10784112661803e-13 -0.1 46.98387713827487 -10.614582044356423
-8.083993934673235e-13 -0.1 49.026654405156386 -11.793980049284913
-8.113029279151523e-13 -0.1 51.0694316720379 -12.973378054213404
-8.114693262702048e-13 -0.1 53.112208938919416 -14.152776059141896
-8.098812747393121e-13 -0.1 55.15498620580094 -15.332174064070387
-8.101292039238458e-13 -0.1 57.19776347268245 -16.511572068998877
-8.111991556065057e-13 -0.1 59.24054073956396 -17.690970073927367
-8.110810082085614e-13 -0.1 61.28331800644549 -18.870368078855865
-8.090331980598482e-13 -0.1 63.326095273327006 -20.049766083784352
-8.123561588477213e-13 -0.1 65.36887254020851 -21.22916408871285
-8.125466694544343e-13 -0.1 67.41164980709004 -22.408562093641336
-8.124073087041763e-13 -0.1 69.45442707397156 -23.58796009856983
-8.10999288878975e-13 -0.1 71.49720434085306 -24.767358103498317
-8.119835157357903e-13 -0.1 73.53998160773457 -25.94675610842681
-8.134678552957783e-13 -0.1 16.34221813505213 9.43518403942793
-8.107784565329233e-13 -0.1 18.384995401933644 8.25578603449944
-8.116168361151853e-13 -0.1 20.427772668815162 7.076388029570949
-8.135982098749656e-13 -0.1 22.470549935696678 5.896990024642457
-8.128066020546253e-13 -0.1 24.513327202578196 4.717592019713965
-8.092794285825926e-13 -0.1 26.556104469459708 3.5381940147854745
-8.123997415191241e-13 -0.1 28.59888173634123 2.3587960098569822
-8.113404053593023e-13 -0.1 30.641659003222742 1.1793980049284911
-8.121134332591538e-13 -0.1 32.68443627010426 0.0
-8.137286372505123e-13 -0.1 34.72721353698578 -1.1793980049284911
-8.13640093498295e-13 -0.1 36.76999080386729 -2.3587960098569822
-8.130068440457679e-13 -0.1 38.8127680707488 -3.5381940147854736
-8.125786973036662e-13 -0.1 40.855545337630325 -4.717592019713966
0.0 -0.1 42.89832260451184 -5.896990024642458
-8.106562245508264e-13 -0.1 44.941099871393355 -7.076388029570949
-8.110620797633374e-13 -0.1 46.98387713827487 -8.25578603449944
-8.114449349221986e-13 -0.1 49.02665440515639 -9.43518403942793
-8.127904071715269e-13 -0.1 51.0694316720379 -10.614582044356423
-8.117580006636692e-13 -0.1 53.112208938919416 -11.793980049284913
-8.10258718117491e-13 -0.1 55.15498620580093 -12.973378054213404
-8.122121336421056e-13 -0.1 57.19776347268245 -14.152776059141896
-8.106572323662847e-13 -0.1 59.24054073956396 -15.332174064070387
-8.111679602838722e-13 -0.1 61.28331800644548 -16.511572068998877
-8.140905104800302e-13 -0.1 63.326095273327006 -17.69097007392737
-8.126329182636921e-13 -0.1 65.36887254020851 -18.870368078855865
-8.132521201964125e-13 -0.1 67.41164980709003 -20.049766083784352
-8.107167597715905e-13 -0.1 69.45442707397156 -21.22916408871285
-8.141901278373095e-13 -0.1 71.49720434085307 -22.408562093641336
-8.104418491537785e-13 -0.1 73.53998160773457 -23.58796009856983
-8.140919951373514e-13 -0.1 75.5827588746161 -24.767358103498317
-8.127225033355312e-13 -0.1 18.384995401933644 10.614582044356423
-8.121219596644296e-13 -0.1 20.427772668815162 9.43518403942793
-8.128453270958969e-13 -0.1 22.470549935696678 8.25578603449944
-8.128453270958969e-13 -0.1 24.513327202578196 7.076388029570948
-8.125196142131007e-13 -0.1 26.556104469459708 5.896990024642457
-8.137945978562295e-13 -0.1 28.598881736341227 4.717592019713965
-8.107283758129176e-13 -0.1 30.641659003222742 3.5381940147854736
-8.113449624289578e-13 -0.1 32.68443627010426 2.3587960098569822
-8.117906353412889e-13 -0.1 34.72721353698578 1.1793980049284911
-8.113937493075688e-13 -0.1 36.76999080386729 0.0
-8.112991522488586e-13 -0.1 38.8127680707488 -1.1793980049284911
-8.110911327238463e-13 -0.1 40.855545337630325 -2.3587960098569822
-8.110911327238463e-13 -0.1 42.89832260451184 -3.5381940147854753
-8.114304499398955e-13 -0.1 44.941099871393355 -4.717592019713966
-8.105918652308237e-13 -0.1 46.98387713827487 -5.896990024642458
-8.124373533684779e-13 -0.1 49.02665440515639 -7.076388029570949
-8.0915456980089e-13 -0.1 51.0694316720379 -8.25578603449944
-8.111357665374316e-13 -0.1 53.112208938919416 -9.43518403942793
-8.119439094375994e-13 -0.1 55.15498620580094 -10.614582044356423
-8.084739161841613e-13 -0.1 57.19776347268244 -11.793980049284913
-8.116166946724931e-13 -0.1 59.24054073956396 -12.973378054213404
-8.091931874281302e-13 -0.1 61.283318006445484 -14.152776059141896
-8.128142621902673e-13 -0.1 63.32609527332699 -15.332174064070387
-8.115829624606873e-13 -0.1 65.36887254020853 -16.51157206899888
-8.113497356429879e-13 -0.1 67.41164980709003 -17.69097007392737
-8.090214669292239e-13 -0.1 69.45442707397156 -18.870368078855865
-8.109791285940197e-13 -0.1 71.49720434085307 -20.049766083784352
-8.119284228123032e-13 -0.1 73.53998160773457 -21.22916408871285
-8.11052090784144e-13 -0.1 75.5827588746161 -22.408562093641336
-8.138246502888239e-13 -0.1 77.62553614149762 -23.58796009856983
-8.107879570726828e-13 -0.1 20.427772668815162 11.793980049284913
-8.138361337941513e-13 -0.1 22.470549935696678 10.614582044356423
-8.115102857067474e-13 -0.1 24.513327202578196 9.43518403942793
-8.115481807672443e-13 -0.1 26.556104469459708 8.255786034499438
-8.115481807672443e-13 -0.1 28.598881736341227 7.076388029570948
-8.125244210104655e-13 -0.1 30.641659003222742 5.896990024642457
-8.124886670875596e-13 -0.1 32.68443627010426 4.7175920197139645
-8.138126155727645e-13 -0.1 34.72721353698578 3.5381940147854736
-8.114786026976175e-13 -0.1 36.76999080386729 2.3587960098569822
0.0 -0.1 38.8127680707488 1.1793980049284911
-8.121500316221757e-13 -0.1 40.855545337630325 0.0
-8.094260317586059e-13 -0.1 42.89832260451183 -1.1793980049284911
-8.12390635245e-13 -0.1 44.941099871393355 -2.3587960098569845
-8.12390635245e-13 -0.1 46.98387713827487 -3.5381940147854753
-8.136982444207458e-13 -0.1 49.02665440515639 -4.717592019713966
-8.123082379647783e-13 -0.1 51.0694316720379 -5.896990024642458
-8.102011074107041e-13 -0.1 53.112208938919416 -7.076388029570949
-8.090653533400206e-13 -0.1 55.15498620580094 -8.25578603449944
-8.090355083167662e-13 -0.1 57.19776347268245 -9.43518403942793
-8.126164027956739e-13 -0.1 59.24054073956396 -10.614582044356423
-8.076430431260677e-13 -0.1 61.283318006445484 -11.793980049284913
-8.076430431260677e-13 -0.1 63.326095273327 -12.973378054213404
-8.098188173909919e-13 -0.1 65.36887254020851 -14.152776059141896
-8.089222534318965e-13 -0.1 67.41164980709004 -15.33217406407039
-8.105924481569824e-13 -0.1 69.45442707397156 -16.51157206899888
-8.130632417382928e-13 -0.1 71.49720434085306 -17.69097007392737
0.0 -0.1 73.53998160773459 -18.870368078855865
-8.1247429208638e-13 -0.1 75.5827588746161 -20.049766083784352
-8.114213571451857e-13 -0.1 77.6255361414976 -21.22916408871285
-8.140122305574723e-13 -0.1 79.66831340837913 -22.408562093641336
-8.103972662452506e-13 -0.1 22.470549935696674 12.973378054213404
0.0 -0.1 24.513327202578193 11.793980049284913
-8.139008375849136e-13 -0.1 26.556104469459708 10.614582044356423
-8.130020219718243e-13 -0.1 28.59888173634122 9.435184039427929
-8.117719364319735e-13 -0.1 30.64165900322274 8.255786034499438
-8.114249727277052e-13 -0.1 32.68443627010426 7.076388029570948
-8.104117546999012e-13 -0.1 34.72721353698577 5.896990024642456
-8.123921421626293e-13 -0.1 36.76999080386729 4.7175920197139645
-8.121356290868527e-13 -0.1 38.8127680707488 3.5381940147854736
-8.120983531752679e-13 -0.1 40.855545337630325 2.3587960098569822
-8.13748591906111e-13 -0.1 42.89832260451183 1.1793980049284911
-8.108699042389062e-13 -0.1 44.94109987139335 0.0
-8.10348059544941e-13 -0.1 46.98387713827487 -1.1793980049284931
-8.128648755675835e-13 -0.1 49.02665440515639 -2.3587960098569845
-8.125597036450013e-13 -0.1 51.069431672037894 -3.5381940147854753
-8.1228140627074e-13 -0.1 53.112208938919416 -4.717592019713966
-8.108984259195378e-13 -0.1 55.15498620580094 -5.896990024642458
-8.099413870257016e-13 -0.1 57.19776347268244 -7.076388029570949
-8.084297299977801e-13 -0.1 59.24054073956396 -8.25578603449944
-8.106611267230962e-13 -0.1 61.28331800644548 -9.43518403942793
-8.11021709134138e-13 -0.1 63.326095273327 -10.614582044356423
-8.099136263561655e-13 -0.1 65.36887254020851 -11.793980049284913
-8.101456468809317e-13 -0.1 67.41164980709003 -12.973378054213404
-8.116284819520866e-13 -0.1 69.45442707397156 -14.1527760591419
-8.117381276792266e-13 -0.1 71.49720434085306 -15.33217406407039
-8.109309929422275e-13 -0.1 73.53998160773457 -16.51157206899888
-8.121773428408253e-13 -0.1 75.5827588746161 -17.69097007392737
-8.1136404123319e-13 -0.1 77.6255361414976 -18.870368078855865
-8.113816699077098e-13 -0.1 79.66831340837912 -20.049766083784352
-8.113612874802843e-13 -0.1 81.71109067526065 -21.22916408871285
0.0 -0.1 24.513327202578196 14.152776059141898
-8.112848038788517e-13 -0.1 26.55610446945971 12.973378054213406
-8.100220572771097e-13 -0.1 28.59888173634123 11.793980049284915
-8.096052806950275e-13 -0.1 30.641659003222742 10.614582044356425
-8.1175084099456e-13 -0.1 32.68443627010426 9.435184039427932
-8.118188129773078e-13 -0.1 34.72721353698578 8.25578603449944
-8.132566788603655e-13 -0.1 36.769990803867294 7.076388029570949
-8.128991080974019e-13 -0.1 38.81276807074881 5.896990024642458
-8.115063396649162e-13 -0.1 40.855545337630325 4.717592019713966
-8.114633659693043e-13 -0.1 42.89832260451184 3.5381940147854753
-8.107631632277399e-13 -0.1 44.941099871393355 2.3587960098569845
-8.107631632277399e-13 -0.1 46.98387713827487 1.1793980049284931
-8.122423438442433e-13 -0.1 49.02665440515639 0.0
-8.106220062575508e-13 -0.1 51.06943167203791 -1.1793980049284911
-8.117167460099297e-13 -0.1 53.112208938919416 -2.3587960098569822
-8.112209394080477e-13 -0.1 55.15498620580094 -3.5381940147854736
-8.112209394080477e-13 -0.1 57.19776347268246 -4.7175920197139645
-8.088765184858351e-13 -0.1 59.24054073956396 -5.896990024642456
-8.106307146943835e-13 -0.1 61.283318006445484 -7.076388029570947
-8.101624693453164e-13 -0.1 63.326095273327 -8.255786034499438
0.0 -0.1 65.36887254020851 -9.435184039427929
-8.10074298481506e-13 -0.1 67.41164980709003 -10.61458204435642
-8.107214868065759e-13 -0.1 69.45442707397154 -11.793980049284912
-8.101622515675189e-13 -0.1 71.49720434085307 -12.973378054213406
-8.09132455710511e-13 -0.1 73.53998160773459 -14.152776059141898
-8.094939196974987e-13 -0.1 75.5827588746161 -15.332174064070388
-8.121448506918058e-13 -0.1 77.62553614149762 -16.51157206899888
-8.088035613035526e-13 -0.1 79.66831340837913 -17.69097007392737
-8.124403627186807e-13 -0.1 81.71109067526065 -18.87036807885586
0.0 -0.1 83.75386794214216 -20.049766083784352
-8.132338555518857e-13 -0.1 26.55610446945971 15.332174064070388
-8.119627559111688e-13 -0.1 28.59888173634123 14.152776059141898
-8.147740382004344e-13 -0.1 30.641659003222745 12.973378054213406
-8.121664364548595e-13 -0.1 32.684436270104264 11.793980049284915
-8.124990185362227e-13 -0.1 34.72721353698578 10.614582044356425
-8.107036533881846e-13 -0.1 36.769990803867294 9.435184039427932
-8.119664124150175e-13 -0.1 38.81276807074881 8.25578603449944
-8.103071107687286e-13 -0.1 40.855545337630325 7.076388029570949
-8.138384624742711e-13 -0.1 42.89832260451184 5.896990024642458
-8.132063194784343e-13 -0.1 44.941099871393355 4.717592019713966
-8.09766202283077e-13 -0.1 46.98387713827487 3.5381940147854753
-8.112398890287867e-13 -0.1 49.02665440515639 2.3587960098569845
-8.114661496854619e-13 -0.1 51.06943167203791 1.1793980049284911
-8.119876801090797e-13 -0.1 53.11220893891942 0.0
-8.102638561943708e-13 -0.1 55.15498620580094 -1.1793980049284911
-8.129258561952383e-13 -0.1 57.19776347268246 -2.3587960098569822
-8.127485298158959e-13 -0.1 59.24054073956397 -3.5381940147854736
-8.119164108187758e-13 -0.1 61.283318006445484 -4.7175920197139645
-8.080089031525072e-13 -0.1 63.326095273327006 -5.896990024642456
-8.131891663284933e-13 -0.1 65.36887254020851 -7.076388029570947
-8.099245043033631e-13 -0.1 67.41164980709003 -8.255786034499438
-8.095604849900029e-13 -0.1 69.45442707397156 -9.435184039427929
-8.12516273914272e-13 -0.1 71.49720434085306 -10.61458204435642
-8.088802716922931e-13 -0.1 73.53998160773459 -11.793980049284915
-8.088742685206925e-13 -0.1 75.5827588746161 -12.973378054213406
-8.105393906181783e-13 -0.1 77.62553614149762 -14.152776059141898
-8.105609084549427e-13 -0.1 79.66831340837913 -15.332174064070388
-8.107217793941484e-13 -0.1 81.71109067526065 -16.51157206899888
-8.107217793941484e-13 -0.1 83.75386794214216 -17.69097007392737
-8.113351252208638e-13 -0.1 85.79664520902368 -18.87036807885586
-8.104454362811554e-13 -0.1 28.598881736341227 16.51157206899888
-8.143078592900696e-13 -0.1 30.641659003222742 15.332174064070388
-8.119513170660411e-13 -0.1 32.68443627010426 14.152776059141898
-8.13518263434897e-13 -0.1 34.72721353698578 12.973378054213406
-8.119331836046054e-13 -0.1 36.76999080386729 11.793980049284915
-8.133852520544546e-13 -0.1 38.8127680707488 10.614582044356425
-8.133852520544546e-13 -0.1 40.855545337630325 9.43518403942793
-8.133222055465475e-13 -0.1 42.89832260451183 8.25578603449944
-8.121325240941676e-13 -0.1 44.941099871393355 7.076388029570949
-8.123389751532493e-13 -0.1 46.98387713827487 5.896990024642458
-8.115998247144925e-13 -0.1 49.02665440515639 4.717592019713966
0.0 -0.1 51.069431672037894 3.5381940147854753
-8.134461485370289e-13 -0.1 53.112208938919416 2.3587960098569822
-8.151592602475051e-13 -0.1 55.15498620580094 1.1793980049284911
-8.117856966049262e-13 -0.1 57.19776347268245 0.0
-8.104095745758015e-13 -0.1 59.24054073956396 -1.1793980049284911
-8.099428989334206e-13 -0.1 61.283318006445484 -2.3587960098569822
-8.106421914489081e-13 -0.1 63.326095273327 -3.5381940147854736
-8.108170250127131e-13 -0.1 65.36887254020851 -4.7175920197139645
-8.126715775242312e-13 -0.1 67.41164980709003 -5.896990024642456
-8.113253127983468e-13 -0.1 69.45442707397156 -7.076388029570947
-8.106644093233764e-13 -0.1 71.49720434085306 -8.255786034499438
-8.119106690238283e-13 -0.1 73.53998160773457 -9.435184039427929
-8.104584726538549e-13 -0.1 75.5827588746161 -10.614582044356425
-8.104584726538549e-13 -0.1 77.62553614149762 -11.793980049284915
-8.112783452962557e-13 -0.1 79.66831340837912 -12.973378054213406
-8.103864191824532e-13 -0.1 81.71109067526065 -14.152776059141898
-8.098752526614517e-13 -0.1 83.75386794214216 -15.332174064070388
-8.114343847048984e-13 -0.1 85.79664520902367 -16.51157206899888
-8.1057757704688e-13 -0.1 87.8394224759052 -17.69097007392737
-8.132582580670709e-13 -0.1 30.641659003222742 17.69097007392737
-8.123644020411482e-13 -0.1 32.68443627010426 16.51157206899888
-8.13441767794192e-13 -0.1 34.72721353698578 15.332174064070388
-8.147937063174987e-13 -0.1 36.76999080386729 14.152776059141898
-8.095241448316888e-13 -0.1 38.81276807074881 12.973378054213406
-8.099390059762825e-13 -0.1 40.855545337630325 11.793980049284915
-8.13370620388355e-13 -0.1 42.89832260451184 10.614582044356423
-8.138295447959278e-13 -0.1 44.941099871393355 9.43518403942793
-8.122192710243203e-13 -0.1 46.98387713827487 8.25578603449944
-8.107308279970344e-13 -0.1 49.02665440515639 7.076388029570949
-8.119321383258473e-13 -0.1 51.0694316720379 5.896990024642458
-8.122254159043837e-13 -0.1 53.112208938919416 4.717592019713966
-8.088250852032945e-13 -0.1 55.15498620580094 3.5381940147854736
-8.124456557301481e-13 -0.1 57.19776347268246 2.3587960098569822
-8.107906927038047e-13 -0.1 59.24054073956396 1.1793980049284911
-8.090274705597291e-13 -0.1 61.283318006445484 0.0
-8.105820677731497e-13 -0.1 63.326095273327006 -1.1793980049284911
-8.079704022149578e-13 -0.1 65.36887254020851 -2.3587960098569822
-8.123211312599837e-13 -0.1 67.41164980709003 -3.5381940147854736
-8.116505814040616e-13 -0.1 69.45442707397154 -4.7175920197139645
-8.103733776800421e-13 -0.1 71.49720434085306 -5.896990024642456
0.0 -0.1 73.53998160773457 -7.076388029570947
-8.102972210809873e-13 -0.1 75.5827588746161 -8.255786034499438
-8.122454028461792e-13 -0.1 77.62553614149762 -9.435184039427932
-8.113874353625322e-13 -0.1 79.66831340837913 -10.614582044356425
-8.09697412694222e-13 -0.1 81.71109067526065 -11.793980049284915
-8.127108060556954e-13 -0.1 83.75386794214216 -12.973378054213406
-8.118633170659899e-13 -0.1 85.79664520902368 -14.152776059141898
-8.121528267504317e-13 -0.1 87.8394224759052 -15.332174064070388
-8.124539587286233e-13 -0.1 89.88219974278671 -16.51157206899888
-8.106205000437846e-13 -0.1 32.68443627010426 18.87036807885586
-8.137852335835407e-13 -0.1 34.72721353698578 17.69097007392737
-8.121782316160633e-13 -0.1 36.76999080386729 16.51157206899888
-8.121905331860545e-13 -0.1 38.81276807074881 15.332174064070388
-8.142793774797467e-13 -0.1 40.855545337630325 14.152776059141898
-8.138284205324328e-13 -0.1 42.89832260451184 12.973378054213406
-8.116380192929428e-13 -0.1 44.941099871393355 11.793980049284913
-8.12077398408053e-13 -0.1 46.98387713827487 10.614582044356423
-8.100084755868009e-13 -0.1 49.02665440515639 9.43518403942793
-8.126977421339182e-13 -0.1 51.0694316720379 8.25578603449944
-8.131515366901176e-13 -0.1 53.112208938919416 7.076388029570949
-8.116557054162425e-13 -0.1 55.15498620580094 5.896990024642458
-8.112105042244739e-13 -0.1 57.19776347268246 4.7175920197139645
-8.128004482460016e-13 -0.1 59.24054073956397 3.5381940147854736
-8.126664929337438e-13 -0.1 61.283318006445484 2.3587960098569822
-8.102141494313204e-13 -0.1 63.326095273327006 1.1793980049284911
-8.111624346902759e-13 -0.1 65.36887254020851 0.0
-8.102925772074237e-13 -0.1 67.41164980709003 -1.1793980049284911
-8.095757301874242e-13 -0.1 69.45442707397156 -2.3587960098569822
-8.118624679984512e-13 -0.1 71.49720434085306 -3.5381940147854736
-8.096326912109442e-13 -0.1 73.53998160773457 -4.7175920197139645
-8.105107751198433e-13 -0.1 75.5827588746161 -5.896990024642456
-8.100212449506313e-13 -0.1 77.6255361414976 -7.076388029570947
-8.130815647037523e-13 -0.1 79.66831340837913 -8.255786034499442
-8.118332602133634e-13 -0.1 81.71109067526065 -9.435184039427932
-8.130571870646685e-13 -0.1 83.75386794214216 -10.614582044356425
-8.131457049787202e-13 -0.1 85.79664520902368 -11.793980049284915
-8.133570017081239e-13 -0.1 87.8394224759052 -12.973378054213406
-8.121961368846033e-13 -0.1 89.88219974278671 -14.152776059141898
-8.140096547309579e-13 -0.1 91.92497700966824 -15.332174064070388
-8.109288327357219e-13 -0.1 34.72721353698577 20.049766083784352
-8.147746988094684e-13 -0.1 36.76999080386729 18.87036807885586
-8.144695216427753e-13 -0.1 38.8127680707488 17.69097007392737
-8.129975729284573e-13 -0.1 40.855545337630325 16.51157206899888
-8.127285783318968e-13 -0.1 42.89832260451183 15.332174064070388
-8.104601262223481e-13 -0.1 44.94109987139335 14.152776059141898
-8.151278869769081e-13 -0.1 46.98387713827487 12.973378054213404
-8.107275147155621e-13 -0.1 49.026654405156386 11.793980049284913
-8.116788786376763e-13 -0.1 51.0694316720379 10.614582044356423
-8.126797203784606e-13 -0.1 53.112208938919416 9.43518403942793
-8.111137387060887e-13 -0.1 55.15498620580094 8.25578603449944
-8.113604181753725e-13 -0.1 57.19776347268244 7.076388029570949
-8.138251272980101e-13 -0.1 59.24054073956396 5.896990024642456
-8.130349828574304e-13 -0.1 61.283318006445484 4.7175920197139645
-8.11416708349831e-13 -0.1 63.326095273327 3.5381940147854736
-8.134426812756885e-13 -0.1 65.36887254020851 2.3587960098569822
-8.120442443036784e-13 -0.1 67.41164980709003 1.1793980049284911
-8.082157058483331e-13 -0.1 69.45442707397154 0.0
-8.095858937032458e-13 -0.1 71.49720434085306 -1.1793980049284911
-8.104190633259497e-13 -0.1 73.53998160773457 -2.3587960098569822
-8.105030922116322e-13 -0.1 75.5827588746161 -3.5381940147854736
-8.125645023482245e-13 -0.1 77.6255361414976 -4.7175920197139645
-8.120731886035716e-13 -0.1 79.66831340837912 -5.896990024642456
-8.10752103217407e-13 -0.1 81.71109067526065 -7.076388029570951
-8.11014821984519e-13 -0.1 83.75386794214216 -8.255786034499442
-8.113220831883156e-13 -0.1 85.79664520902367 -9.435184039427932
-8.121490548324285e-13 -0.1 87.8394224759052 -10.614582044356425
-8.09045933684485e-13 -0.1 89.88219974278671 -11.793980049284915
-8.127025236807283e-13 -0.1 91.92497700966821 -12.973378054213406
-8.114687612118776e-13 -0.1 93.96775427654974 -14.152776059141898
-8.140126143034219e-13 -0.1 36.76999080386729 21.229164088712846
-8.140401885358974e-13 -0.1 38.8127680707488 20.049766083784352
-8.134795110423618e-13 -0.1 40.855545337630325 18.87036807885586
-8.123303973218707e-13 -0.1 42.89832260451183 17.69097007392737
-8.14269554442016e-13 -0.1 44.941099871393355 16.51157206899888
-8.141013930806212e-13 -0.1 46.98387713827487 15.332174064070388
-8.141013930806212e-13 -0.1 49.02665440515639 14.152776059141896
-8.152381671757524e-13 -0.1 51.0694316720379 12.973378054213404
-8.123035302624601e-13 -0.1 53.112208938919416 11.793980049284913
-8.124398226834971e-13 -0.1 55.15498620580094 10.614582044356423
-8.127247774223927e-13 -0.1 57.19776347268245 9.43518403942793
-8.122292538256157e-13 -0.1 59.24054073956396 8.25578603449944
-8.123615068767927e-13 -0.1 61.283318006445484 7.076388029570947
0.0 -0.1 63.326095273327006 5.896990024642456
-8.099218092199056e-13 -0.1 65.36887254020851 4.7175920197139645
-8.118518900360301e-13 -0.1 67.41164980709003 3.5381940147854736
-8.114550483122871e-13 -0.1 69.45442707397156 2.3587960098569822
-8.107348375169875e-13 -0.1 71.49720434085306 1.1793980049284911
-8.122543121528553e-13 -0.1 73.53998160773457 0.0
-8.122543121528553e-13 -0.1 75.5827588746161 -1.1793980049284911
-8.111879170499831e-13 -0.1 77.6255361414976 -2.3587960098569822
-8.126556838828627e-13 -0.1 79.66831340837912 -3.5381940147854736
-8.111623615245712e-13 -0.1 81.71109067526065 -4.7175920197139645
-8.12947234459576e-13 -0.1 83.75386794214216 -5.896990024642459
-8.103224489125838e-13 -0.1 85.79664520902368 -7.076388029570951
-8.142939904380035e-13 -0.1 87.8394224759052 -8.255786034499442
-8.151269841058364e-13 -0.1 89.88219974278671 -9.435184039427932
-8.140348570130071e-13 -0.1 91.92497700966824 -10.614582044356425
-8.145328522666676e-13 -0.1 93.96775427654974 -11.793980049284915
-8.145328522666676e-13 -0.1 96.01053154343126 -12.973378054213406
-8.131794135670607e-13 -0.1 38.8127680707488 22.408562093641336
0.0 -0.1 40.85554533763032 21.229164088712846
-8.121168374171967e-13 -0.1 42.89832260451183 20.049766083784352
0.0 -0.1 44.94109987139335 18.87036807885586
-8.128685121568924e-13 -0.1 46.98387713827487 17.69097007392737
-8.114717555432389e-13 -0.1 49.026654405156386 16.51157206899888
-8.141555176095276e-13 -0.1 51.069431672037894 15.332174064070387
-8.139239715133892e-13 -0.1 53.112208938919416 14.152776059141896
-8.124990869722718e-13 -0.1 55.15498620580093 12.973378054213404
-8.112852804706345e-13 -0.1 57.19776347268244 11.793980049284913
-8.140538920767101e-13 -0.1 59.24054073956396 10.614582044356423
-8.107013313020825e-13 -0.1 61.28331800644548 9.43518403942793
-8.102422601938204e-13 -0.1 63.326095273327 8.255786034499438
-8.130951336523613e-13 -0.1 65.36887254020851 7.076388029570947
-8.10193783414198e-13 -0.1 67.41164980709003 5.896990024642456
-8.135558004181248e-13 -0.1 69.45442707397154 4.7175920197139645
-8.119557525727813e-13 -0.1 71.49720434085306 3.5381940147854736
-8.123990497378855e-13 -0.1 73.53998160773457 2.3587960098569822
-8.095072816861516e-13 -0.1 75.5827588746161 1.1793980049284911
-8.102198509314579e-13 -0.1 77.6255361414976 0.0
-8.133087898174825e-13 -0.1 79.66831340837912 -1.1793980049284911
-8.093501663475324e-13 -0.1 81.71109067526065 -2.3587960098569822
-8.091504185967639e-13 -0.1 83.75386794214215 -3.5381940147854736
-8.108692183874999e-13 -0.1 85.79664520902368 -4.717592019713969
-8.120667792630222e-13 -0.1 87.8394224759052 -5.896990024642459
-8.115829315087552e-13 -0.1 89.8821997427867 -7.076388029570951
-8.111700190610317e-13 -0.1 91.92497700966824 -8.255786034499442
-8.130076084579382e-13 -0.1 93.96775427654974 -9.435184039427932
-8.120337672916737e-13 -0.1 96.01053154343124 -10.614582044356425
-8.13225914020027e-13 -0.1 98.05330881031279 -11.793980049284915
-8.145178383416654e-13 -0.1 40.855545337630325 23.587960098569827
-8.135166444543142e-13 -0.1 42.89832260451183 22.408562093641336
-8.139089896968119e-13 -0.1 44.941099871393355 21.229164088712846
0.0 -0.1 46.98387713827487 20.049766083784352
-8.136251451077883e-13 -0.1 49.02665440515639 18.87036807885586
-8.125690947983301e-13 -0.1 51.0694316720379 17.69097007392737
-8.14061573643205e-13 -0.1 53.112208938919416 16.511572068998877
-8.129743020544376e-13 -0.1 55.15498620580094 15.332174064070387
-8.114770505281421e-13 -0.1 57.19776347268245 14.152776059141896
-8.114153635103959e-13 -0.1 59.24054073956396 12.973378054213404
-8.142336780366094e-13 -0.1 61.283318006445484 11.793980049284913
-8.156032612174061e-13 -0.1 63.326095273327 10.614582044356423
-8.114014236109906e-13 -0.1 65.36887254020851 9.435184039427929
-8.117255437087814e-13 -0.1 67.41164980709003 8.255786034499438
0.0 -0.1 69.45442707397156 7.076388029570947
-8.121761251787582e-13 -0.1 71.49720434085306 5.896990024642456
-8.096140721593443e-13 -0.1 73.53998160773457 4.7175920197139645
-8.125560573352543e-13 -0.1 75.5827588746161 3.5381940147854736
-8.122045055099172e-13 -0.1 77.6255361414976 2.3587960098569822
-8.106360689305428e-13 -0.1 79.66831340837912 1.1793980049284911
-8.114468455374511e-13 -0.1 81.71109067526065 0.0
-8.138413453949969e-13 -0.1 83.75386794214215 -1.1793980049284911
-8.126194134121241e-13 -0.1 85.79664520902367 -2.3587960098569822
-8.116628666374045e-13 -0.1 87.8394224759052 -3.538194014785477
-8.119941676706353e-13 -0.1 89.88219974278671 -4.717592019713969
-8.119941676706353e-13 -0.1 91.92497700966824 -5.896990024642459
-8.120507541354237e-13 -0.1 93.96775427654974 -7.076388029570951
-8.134406193403579e-13 -0.1 96.01053154343126 -8.255786034499442
-8.115568749671513e-13 -0.1 98.05330881031279 -9.435184039427932
-8.142553957056888e-13 -0.1 100.09608607719429 -10.614582044356425
-8.108683891096415e-13 -0.1 42.89832260451183 24.767358103498317
-8.151084017829377e-13 -0.1 44.94109987139335 23.587960098569827
-8.152072123319664e-13 -0.1 46.98387713827487 22.408562093641336
-8.126146231779297e-13 -0.1 49.026654405156386 21.229164088712846
-8.170417016904741e-13 -0.1 51.0694316720379 20.049766083784352
-8.12500076960582e-13 -0.1 53.112208938919416 18.87036807885586
-8.117625452099466e-13 -0.1 55.15498620580094 17.690970073927367
-8.107265724191352e-13 -0.1 57.19776347268245 16.511572068998877
-8.119045840025083e-13 -0.1 59.24054073956396 15.332174064070387
-8.105988798657882e-13 -0.1 61.283318006445484 14.152776059141896
-8.117227486564974e-13 -0.1 63.326095273327 12.973378054213404
-8.138179547951345e-13 -0.1 65.36887254020851 11.793980049284913
-8.114002810339389e-13 -0.1 67.41164980709003 10.61458204435642
-8.114511688187633e-13 -0.1 69.45442707397156 9.435184039427929
-8.084540457095576e-13 -0.1 71.49720434085306 8.255786034499438
-8.109331099495359e-13 -0.1 73.53998160773457 7.076388029570947
-8.109331099495359e-13 -0.1 75.5827588746161 5.896990024642456
-8.123450405344444e-13 -0.1 77.6255361414976 4.7175920197139645
-8.101959072649276e-13 -0.1 79.66831340837912 3.5381940147854736
0.0 -0.1 81.71109067526065 2.3587960098569822
-8.126512820405952e-13 -0.1 83.75386794214215 1.1793980049284911
-8.10185538650982e-13 -0.1 85.79664520902367 0.0
-8.15102086006857e-13 -0.1 87.8394224759052 -1.1793980049284911
-8.130643593513549e-13 -0.1 89.88219974278671 -2.3587960098569862
-8.135582588388693e-13 -0.1 91.92497700966824 -3.538194014785477
-8.115737114343359e-13 -0.1 93.96775427654974 -4.717592019713969
-8.12003137165632e-13 -0.1 96.01053154343126 -5.896990024642459
-8.103355605128975e-13 -0.1 98.05330881031279 -7.076388029570951
-8.140854414222134e-13 -0.1 100.09608607719429 -8.255786034499442
-8.112198693801023e-13 -0.1 102.1388633440758 -9.435184039427932
-8.118209284313143e-13 -0.1 44.94109987139335 25.946756108426808
-8.139994626590381e-13 -0.1 46.98387713827486 24.767358103498317
-8.13218729203057e-13 -0.1 49.026654405156386 23.587960098569827
-8.135717189212835e-13 -0.1 51.069431672037894 22.408562093641336
-8.100333371093709e-13 -0.1 53.112208938919416 21.229164088712846
-8.146735716847699e-13 -0.1 55.15498620580093 20.049766083784352
-8.123821288330048e-13 -0.1 57.19776347268244 18.870368078855858
-8.135580990079192e-13 -0.1 59.24054073956396 17.690970073927367
-8.135580990079192e-13 -0.1 61.28331800644548 16.511572068998877
-8.117069873719222e-13 -0.1 63.32609527332699 15.332174064070387
-8.103134288581575e-13 -0.1 65.36887254020851 14.152776059141896
-8.141560462199629e-13 -0.1 67.41164980709003 12.973378054213404
-8.111816135598839e-13 -0.1 69.45442707397154 11.793980049284912
-8.120035231240177e-13 -0.1 71.49720434085306 10.61458204435642
-8.113020482203693e-13 -0.1 73.53998160773457 9.435184039427929
-8.129207590764023e-13 -0.1 75.5827588746161 8.255786034499438
-8.10622828290621e-13 -0.1 77.6255361414976 7.076388029570947
-8.119134749408786e-13 -0.1 79.66831340837912 5.896990024642456
-8.105289413783285e-13 -0.1 81.71109067526065 4.7175920197139645
-8.105289413783285e-13 -0.1 83.75386794214215 3.5381940147854736
-8.101454393290033e-13 -0.1 85.79664520902367 2.3587960098569822
-8.118040053405137e-13 -0.1 87.8394224759052 1.1793980049284911
-8.139090386402134e-13 -0.1 89.8821997427867 0.0
-8.113289204442642e-13 -0.1 91.92497700966824 -1.1793980049284951
-8.106633945911033e-13 -0.1 93.96775427654974 -2.3587960098569862
-8.099512546889808e-13 -0.1 96.01053154343124 -3.538194014785477
-8.12270190687131e-13 -0.1 98.05330881031279 -4.717592019713969
-8.144311865842395e-13 -0.1 100.09608607719429 -5.896990024642459
-8.144227917600598e-13 -0.1 102.13886334407579 -7.076388029570951
-8.144643253860286e-13 -0.1 104.18164061095733 -8.255786034499442
-8.138303395601275e-13 -0.1 46.98387713827488 27.126154113355305
-8.126241668327295e-13 -0.1 49.02665440515639 25.94675610842681
-8.134703581324725e-13 -0.1 51.06943167203791 24.76735810349832
-8.134635991196644e-13 -0.1 53.11220893891942 23.58796009856983
-8.138721519519281e-13 -0.1 55.154986205800945 22.40856209364134
-8.09741942039674e-13 -0.1 57.19776347268246 21.22916408871285
-8.09741942039674e-13 -0.1 59.240540739563976 20.049766083784352
-8.120130549099088e-13 -0.1 61.28331800644549 18.870368078855865
-8.142562886625413e-13 -0.1 63.326095273327006 17.69097007392737
-8.136411819761629e-13 -0.1 65.36887254020853 16.51157206899888
-8.119382856608392e-13 -0.1 67.41164980709004 15.33217406407039
-8.110898188974992e-13 -0.1 69.45442707397156 14.1527760591419
-8.122861370626813e-13 -0.1 71.49720434085307 12.973378054213406
-8.122861370626813e-13 -0.1 73.53998160773459 11.793980049284915
-8.122861370626813e-13 -0.1 75.5827588746161 10.614582044356425
-8.120639744659924e-13 -0.1 77.62553614149762 9.435184039427932
-8.109501633493256e-13 -0.1 79.66831340837913 8.255786034499442
-8.116021417254323e-13 -0.1 81.71109067526065 7.076388029570951
-8.120753207630518e-13 -0.1 83.75386794214216 5.896990024642459
-8.099284649975164e-13 -0.1 85.79664520902368 4.717592019713969
-8.123843543306528e-13 -0.1 87.8394224759052 3.538194014785477
-8.115189296592967e-13 -0.1 89.88219974278671 2.3587960098569862
-8.107194724922687e-13 -0.1 91.92497700966824 1.1793980049284951
-8.108687333182215e-13 -0.1 93.96775427654975 0.0
-8.124998023491466e-13 -0.1 96.01053154343127 -1.1793980049284911
-8.130184136887861e-13 -0.1 98.05330881031279 -2.3587960098569822
-8.138021218103834e-13 -0.1 100.0960860771943 -3.5381940147854736
-8.12387540856546e-13 -0.1 102.13886334407582 -4.7175920197139645
-8.116609613254854e-13 -0.1 104.18164061095733 -5.896990024642456
-8.13048678739449e-13 -0.1 106.22441787783885 -7.076388029570947
-8.112684340604334e-13 -0.1 49.02665440515639 28.305552118283796
-8.142198571326499e-13 -0.1 51.0694316720379 27.126154113355305
-8.138552484029805e-13 -0.1 53.11220893891942 25.94675610842681
-8.114287700721024e-13 -0.1 55.15498620580094 24.76735810349832
-8.130767828687106e-13 -0.1 57.19776347268246 23.58796009856983
-8.123674825501419e-13 -0.1 59.24054073956397 22.40856209364134
-8.133818129977404e-13 -0.1 61.283318006445484 21.22916408871285
-8.133818129977404e-13 -0.1 63.326095273327006 20.049766083784352
-8.129354960806121e-13 -0.1 65.36887254020851 18.870368078855865
-8.122108151938158e-13 -0.1 67.41164980709003 17.69097007392737
-8.113855662691324e-13 -0.1 69.45442707397156 16.51157206899888
-8.126089229170792e-13 -0.1 71.49720434085306 15.33217406407039
-8.103920984751674e-13 -0.1 73.53998160773459 14.152776059141898
-8.127586796009882e-13 -0.1 75.5827588746161 12.973378054213406
-8.116543643455388e-13 -0.1 77.62553614149762 11.793980049284915
-8.113813689593704e-13 -0.1 79.66831340837913 10.614582044356425
-8.11540907793347e-13 -0.1 81.71109067526065 9.435184039427932
-8.128256696281548e-13 -0.1 83.75386794214216 8.255786034499442
-8.102823253957497e-13 -0.1 85.79664520902368 7.076388029570951
-8.109684237647036e-13 -0.1 87.8394224759052 5.896990024642459
-8.111069223975251e-13 -0.1 89.88219974278671 4.717592019713969
-8.133691366318996e-13 -0.1 91.92497700966824 3.538194014785477
-8.09408138650966e-13 -0.1 93.96775427654974 2.3587960098569862
-8.104706063657099e-13 -0.1 96.01053154343127 1.1793980049284911
-8.115507311766065e-13 -0.1 98.05330881031279 0.0
-8.135734826998273e-13 -0.1 100.09608607719429 -1.1793980049284911
-8.119068648339028e-13 -0.1 102.13886334407582 -2.3587960098569822
-8.133085961827515e-13 -0.1 104.18164061095733 -3.5381940147854736
-8.138679618684584e-13 -0.1 106.22441787783883 -4.7175920197139645
-8.13742920762347e-13 -0.1 108.26719514472038 -5.896990024642456
-8.132827700507832e-13 -0.1 51.0694316720379 29.484950123212286
-8.138438494776987e-13 -0.1 53.112208938919416 28.305552118283796
-8.143204394834749e-13 -0.1 55.15498620580094 27.126154113355305
-8.142494969439742e-13 -0.1 57.19776347268245 25.94675610842681
-8.147518863608751e-13 -0.1 59.24054073956397 24.76735810349832
-8.136905998184553e-13 -0.1 61.283318006445484 23.58796009856983
-8.130624475143608e-13 -0.1 63.326095273327006 22.408562093641336
-8.139134066043284e-13 -0.1 65.36887254020851 21.22916408871285
-8.119861884938897e-13 -0.1 67.41164980709003 20.049766083784352
-8.128163178300407e-13 -0.1 69.45442707397156 18.870368078855865
-8.132886998912711e-13 -0.1 71.49720434085306 17.69097007392737
-8.130288187420327e-13 -0.1 73.53998160773457 16.51157206899888
-8.134049601037841e-13 -0.1 75.5827588746161 15.332174064070388
-8.112234403622863e-13 -0.1 77.62553614149762 14.152776059141898
-8.12330821891357e-13 -0.1 79.66831340837912 12.973378054213406
-8.130198806295982e-13 -0.1 81.71109067526065 11.793980049284915
-8.113557860217486e-13 -0.1 83.75386794214216 10.614582044356425
-8.105539785212573e-13 -0.1 85.79664520902367 9.435184039427932
-8.105551394584627e-13 -0.1 87.8394224759052 8.255786034499442
-8.135813730737775e-13 -0.1 89.8821997427867 7.076388029570951
-8.097884697669048e-13 -0.1 91.92497700966824 5.896990024642459
-8.11669417808423e-13 -0.1 93.96775427654974 4.717592019713969
-8.13175340902182e-13 -0.1 96.01053154343124 3.538194014785477
-8.150833143387979e-13 -0.1 98.05330881031279 2.3587960098569822
-8.13717514468765e-13 -0.1 100.09608607719429 1.1793980049284911
-8.123805692808949e-13 -0.1 102.1388633440758 0.0
0.0 -0.1 104.18164061095733 -1.1793980049284911
-8.13166429195664e-13 -0.1 106.22441787783883 -2.3587960098569822
-8.131172262115749e-13 -0.1 108.26719514472035 -3.5381940147854736
-8.109135874916615e-13 -0.1 110.30997241160188 -4.7175920197139645
-8.132907510252796e-13 -0.1 53.11220893891942 30.664348128140777
-8.11844139767903e-13 -0.1 55.15498620580094 29.484950123212286
-8.138511364819424e-13 -0.1 57.19776347268246 28.305552118283796
-8.136055918844212e-13 -0.1 59.24054073956397 27.126154113355305
-8.129322373050772e-13 -0.1 61.28331800644549 25.94675610842681
-8.139840074700685e-13 -0.1 63.326095273327006 24.76735810349832
-8.127178350782637e-13 -0.1 65.36887254020853 23.58796009856983
-8.122969067785348e-13 -0.1 67.41164980709004 22.408562093641336
-8.11941250811501e-13 -0.1 69.45442707397156 21.22916408871285
-8.096838805478893e-13 -0.1 71.49720434085307 20.049766083784352
-8.115181906535645e-13 -0.1 73.53998160773459 18.870368078855865
-8.134807831345877e-13 -0.1 75.5827588746161 17.69097007392737
-8.124046590735284e-13 -0.1 77.62553614149762 16.51157206899888
-8.124046590735284e-13 -0.1 79.66831340837913 15.332174064070388
-8.118100277502838e-13 -0.1 81.71109067526065 14.152776059141898
-8.120634322737191e-13 -0.1 83.75386794214216 12.973378054213406
-8.131196645710952e-13 -0.1 85.79664520902368 11.793980049284915
-8.126419076104052e-13 -0.1 87.8394224759052 10.614582044356425
-8.127026342469093e-13 -0.1 89.88219974278671 9.435184039427932
-8.104947861288589e-13 -0.1 91.92497700966824 8.255786034499442
-8.132613782315801e-13 -0.1 93.96775427654974 7.076388029570951
-8.10290767657334e-13 -0.1 96.01053154343126 5.896990024642459
-8.111491172839914e-13 -0.1 98.05330881031279 4.717592019713969
-8.119689109315592e-13 -0.1 100.0960860771943 3.5381940147854736
-8.144897994957544e-13 -0.1 102.13886334407582 2.3587960098569822
-8.10131011800811e-13 -0.1 104.18164061095733 1.1793980049284911
-8.130847121018646e-13 -0.1 106.22441787783885 0.0
-8.126218351760448e-13 -0.1 108.26719514472038 -1.1793980049284911
-8.128068988338942e-13 -0.1 110.30997241160188 -2.3587960098569822
-8.126446221316898e-13 -0.1 112.35274967848339 -3.5381940147854736
-8.139193176811293e-13 -0.1 55.15498620580094 31.843746133069267
-8.132119199563492e-13 -0.1 57.19776347268245 30.664348128140777
-8.141897475844071e-13 -0.1 59.24054073956397 29.484950123212286
-8.11654738162465e-13 -0.1 61.283318006445484 28.305552118283796
-8.124308562951205e-13 -0.1 63.326095273327006 27.126154113355305
-8.131150855966865e-13 -0.1 65.36887254020851 25.94675610842681
-8.116689631874578e-13 -0.1 67.41164980709003 24.767358103498317
-8.142501769618125e-13 -0.1 69.45442707397156 23.58796009856983
-8.127321202416782e-13 -0.1 71.49720434085307 22.408562093641336
-8.110634760755283e-13 -0.1 73.53998160773457 21.22916408871285
-8.121451926991143e-13 -0.1 75.5827588746161 20.049766083784352
-8.126780597240744e-13 -0.1 77.6255361414976 18.870368078855865
-8.096813493981635e-13 -0.1 79.66831340837913 17.69097007392737
-8.104697332263651e-13 -0.1 81.71109067526065 16.51157206899888
-8.116793361734354e-13 -0.1 83.75386794214216 15.332174064070388
-8.111151606497094e-13 -0.1 85.79664520902368 14.152776059141898
-8.106041448749953e-13 -0.1 87.8394224759052 12.973378054213406
-8.101366328856561e-13 -0.1 89.88219974278671 11.793980049284915
-8.099931731506317e-13 -0.1 91.92497700966824 10.614582044356425
-8.12258676352301e-13 -0.1 93.96775427654974 9.435184039427932
-8.110661810808157e-13 -0.1 96.01053154343126 8.255786034499442
-8.104785350001541e-13 -0.1 98.05330881031279 7.076388029570951
-8.123544691458737e-13 -0.1 100.09608607719429 5.896990024642459
-8.139672586011342e-13 -0.1 102.13886334407582 4.7175920197139645
-8.142909027856172e-13 -0.1 104.18164061095733 3.5381940147854736
-8.141189104210501e-13 -0.1 106.22441787783883 2.3587960098569822
-8.141189104210501e-13 -0.1 108.26719514472038 1.1793980049284911
-8.151204622850103e-13 -0.1 110.30997241160188 0.0
-8.117021421426397e-13 -0.1 112.35274967848338 -1.1793980049284911
0.0 -0.1 114.39552694536492 -2.3587960098569822
-8.140073756646897e-13 -0.1 57.19776347268245 33.02314413799776
-8.112473127553082e-13 -0.1 59.24054073956396 31.843746133069267
-8.124346304726145e-13 -0.1 61.283318006445484 30.664348128140777
-8.118440721012234e-13 -0.1 63.326095273327 29.484950123212286
-8.138531623360745e-13 -0.1 65.36887254020851 28.305552118283796
-8.136769422449501e-13 -0.1 67.41164980709003 27.126154113355305
-8.14765519322624e-13 -0.1 69.45442707397156 25.94675610842681
-8.125145809748938e-13 -0.1 71.49720434085306 24.767358103498317
-8.122834349248263e-13 -0.1 73.53998160773457 23.58796009856983
-8.129829496991064e-13 -0.1 75.5827588746161 22.408562093641336
-8.116154746809661e-13 -0.1 77.6255361414976 21.22916408871285
-8.121729543816645e-13 -0.1 79.66831340837912 20.049766083784352
-8.111325789477238e-13 -0.1 81.71109067526065 18.87036807885586
-8.110031255587256e-13 -0.1 83.75386794214216 17.69097007392737
-8.109037795442488e-13 -0.1 85.79664520902367 16.51157206899888
-8.093888716362758e-13 -0.1 87.8394224759052 15.332174064070388
-8.127860179320563e-13 -0.1 89.88219974278671 14.152776059141898
-8.105533878758232e-13 -0.1 91.92497700966821 12.973378054213406
-8.137132106338678e-13 -0.1 93.96775427654974 11.793980049284915
-8.114905510085935e-13 -0.1 96.01053154343124 10.614582044356425
-8.112936466988339e-13 -0.1 98.05330881031279 9.435184039427932
-8.11996814364983e-13 -0.1 100.09608607719429 8.255786034499442
-8.112019912583823e-13 -0.1 102.13886334407579 7.076388029570951
-8.106931260260336e-13 -0.1 104.18164061095733 5.896990024642456
-8.129922834604365e-13 -0.1 106.22441787783883 4.7175920197139645
-8.118082932862548e-13 -0.1 108.26719514472035 3.5381940147854736
-8.153298510446356e-13 -0.1 110.30997241160188 2.3587960098569822
-8.131222778718366e-13 -0.1 112.35274967848338 1.1793980049284911
-8.118984536116181e-13 -0.1 114.3955269453649 0.0
-8.136066285690304e-13 -0.1 116.43830421224642 -1.1793980049284911
-8.136066285690304e-13 -0.1 59.24054073956397 34.20254214292625
-8.131445684625011e-13 -0.1 61.283318006445484 33.02314413799776
-8.104666855241435e-13 -0.1 63.326095273327006 31.843746133069267
-8.120110502681361e-13 -0.1 65.36887254020851 30.664348128140777
-8.11793898253956e-13 -0.1 67.41164980709004 29.484950123212286
-8.146959679820826e-13 -0.1 69.45442707397156 28.305552118283796
-8.120837629254666e-13 -0.1 71.49720434085307 27.1261541133553
-8.141385554626027e-13 -0.1 73.53998160773457 25.94675610842681
-8.092203370013925e-13 -0.1 75.5827588746161 24.767358103498317
-8.138436593272194e-13 -0.1 77.62553614149762 23.58796009856983
-8.138436593272194e-13 -0.1 79.66831340837913 22.408562093641336
-8.138436593272194e-13 -0.1 81.71109067526065 21.22916408871285
-8.105894889205783e-13 -0.1 83.75386794214216 20.049766083784352
-8.110009180204017e-13 -0.1 85.79664520902368 18.87036807885586
-8.102515029281718e-13 -0.1 87.8394224759052 17.69097007392737
-8.101555023154914e-13 -0.1 89.88219974278671 16.51157206899888
-8.101555023154914e-13 -0.1 91.92497700966824 15.332174064070388
-8.125399552066977e-13 -0.1 93.96775427654974 14.152776059141898
-8.121595622115524e-13 -0.1 96.01053154343126 12.973378054213406
-8.12175349298421e-13 -0.1 98.05330881031279 11.793980049284915
-8.115724179668899e-13 -0.1 100.09608607719429 10.614582044356425
-8.104448520899668e-13 -0.1 102.1388633440758 9.435184039427932
-8.099032582230029e-13 -0.1 104.18164061095733 8.255786034499442
-8.116197532570912e-13 -0.1 106.22441787783885 7.076388029570947
-8.119004758749032e-13 -0.1 108.26719514472038 5.896990024642456
-8.106750407008611e-13 -0.1 110.30997241160188 4.7175920197139645
-8.105966515918075e-13 -0.1 112.35274967848339 3.5381940147854736
-8.120217008796375e-13 -0.1 114.39552694536492 2.3587960098569822
-8.151499494011414e-13 -0.1 116.43830421224642 1.1793980049284911
-8.121829343250188e-13 -0.1 118.48108147912794 0.0
