idx I Vapp Center(x) Center(y)
0 -1.1352565910533777e-13 -0.1 0.0 0.0
1 -1.1385476845457186e-13 -0.1 2.042777266881516 -1.1793980049284913
2 -1.1288823088216591e-13 -0.1 4.085554533763032 -2.3587960098569827
3 -1.1342614373905e-13 -0.1 6.128331800644549 -3.5381940147854745
4 -1.138782299770853e-13 -0.1 8.171109067526064 -4.717592019713965
5 -1.1339077444188094e-13 -0.1 10.213886334407581 -5.896990024642457
6 -1.132359669304075e-13 -0.1 12.256663601289098 -7.076388029570949
7 -1.1316982900515766e-13 -0.1 14.299440868170613 -8.25578603449944
8 -1.1294310832521166e-13 -0.1 16.34221813505213 -9.43518403942793
9 -1.1260862560723016e-13 -0.1 18.384995401933644 -10.614582044356423
10 -1.1311550781848937e-13 -0.1 20.427772668815162 -11.793980049284913
11 -1.1267044705626295e-13 -0.1 22.470549935696674 -12.973378054213404
12 -1.1277020029712573e-13 -0.1 24.513327202578196 -14.152776059141898
13 -1.1282203834419477e-13 -0.1 26.55610446945971 -15.332174064070388
14 -1.1243430627271673e-13 -0.1 28.598881736341227 -16.51157206899888
15 -1.1219312801000088e-13 -0.1 30.641659003222742 -17.69097007392737
16 -1.1253444014122142e-13 -0.1 32.68443627010426 -18.87036807885586
17 -1.1290786338379639e-13 -0.1 34.72721353698577 -20.049766083784352
18 -1.12335098302343e-13 -0.1 36.76999080386729 -21.229164088712846
19 -1.1273317670873642e-13 -0.1 38.8127680707488 -22.408562093641336
20 -1.1309892594290078e-13 -0.1 40.855545337630325 -23.587960098569827
21 -1.1310872515671954e-13 -0.1 42.89832260451183 -24.767358103498317
22 -1.1282544324595617e-13 -0.1 44.94109987139335 -25.946756108426808
23 -1.129673574355218e-13 -0.1 46.98387713827488 -27.126154113355305
24 -1.1346555907171315e-13 -0.1 49.02665440515639 -28.305552118283796
25 -1.1319658547622035e-13 -0.1 51.0694316720379 -29.484950123212286
26 -1.138054877367711e-13 -0.1 53.11220893891942 -30.664348128140777
27 -1.1370801595387502e-13 -0.1 55.15498620580094 -31.843746133069267
28 -1.1368302773914067e-13 -0.1 57.19776347268245 -33.02314413799776
29 -1.3195146851428942e-13 -0.1 59.24054073956397 -34.20254214292625
30 -1.1317951313035966e-13 -0.1 2.042777266881516 1.1793980049284913
31 -1.1371641656469605e-13 -0.1 4.085554533763032 0.0
32 -1.1348574034723101e-13 -0.1 6.128331800644549 -1.1793980049284913
33 -1.1374061504617802e-13 -0.1 8.171109067526064 -2.358796009856983
34 -1.1344311035707524e-13 -0.1 10.213886334407581 -3.5381940147854745
35 -1.1359560381819723e-13 -0.1 12.256663601289098 -4.717592019713965
36 -1.1327495366399942e-13 -0.1 14.299440868170615 -5.896990024642458
37 -1.1272560693427788e-13 -0.1 16.34221813505213 -7.076388029570949
38 -1.1312290552970713e-13 -0.1 18.384995401933644 -8.25578603449944
39 -1.1300998685430703e-13 -0.1 20.427772668815162 -9.43518403942793
40 -1.1278496253931203e-13 -0.1 22.470549935696678 -10.614582044356423
41 -1.1233294357721043e-13 -0.1 24.513327202578193 -11.793980049284913
42 -1.1222375945882518e-13 -0.1 26.55610446945971 -12.973378054213406
43 -1.1246424626465727e-13 -0.1 28.59888173634123 -14.152776059141898
44 -1.1262154327485053e-13 -0.1 30.641659003222742 -15.332174064070388
45 -1.1294594015049707e-13 -0.1 32.68443627010426 -16.51157206899888
46 -1.1298018356799541e-13 -0.1 34.72721353698578 -17.69097007392737
47 -1.1238361877166095e-13 -0.1 36.76999080386729 -18.87036807885586
48 -1.1247800489052343e-13 -0.1 38.8127680707488 -20.049766083784352
49 -1.1286653294711616e-13 -0.1 40.85554533763032 -21.229164088712846
50 -1.1250172920684833e-13 -0.1 42.89832260451183 -22.408562093641336
51 -1.1271738547450565e-13 -0.1 44.94109987139335 -23.587960098569827
52 -1.1256599469901479e-13 -0.1 46.98387713827486 -24.767358103498317
53 -1.1292377724359952e-13 -0.1 49.02665440515639 -25.94675610842681
54 -1.3137110868116675e-13 -0.1 51.0694316720379 -27.126154113355305
55 -1.1327442963060533e-13 -0.1 53.112208938919416 -28.305552118283796
56 -1.133219799005352e-13 -0.1 55.15498620580094 -29.484950123212286
57 -1.1340348723265059e-13 -0.1 57.19776347268245 -30.664348128140777
58 -1.1382293011551989e-13 -0.1 59.24054073956396 -31.843746133069267
59 -1.1364635132232936e-13 -0.1 61.283318006445484 -33.02314413799776
60 -1.1363998786212289e-13 -0.1 4.085554533763032 2.3587960098569827
61 -1.128846959858518e-13 -0.1 6.128331800644549 1.1793980049284913
62 -1.1378653159394046e-13 -0.1 8.171109067526064 0.0
63 -1.1388833172534731e-13 -0.1 10.213886334407581 -1.1793980049284916
64 -1.1317921368583672e-13 -0.1 12.256663601289098 -2.3587960098569827
65 -1.13069136256061e-13 -0.1 14.299440868170613 -3.538194014785474
66 -1.1334911337998833e-13 -0.1 16.34221813505213 -4.717592019713966
67 -1.13259846147197e-13 -0.1 18.384995401933644 -5.896990024642458
68 -1.1270895828298096e-13 -0.1 20.427772668815162 -7.076388029570949
69 -1.3088660953050846e-13 -0.1 22.470549935696678 -8.25578603449944
70 -1.125957039004012e-13 -0.1 24.513327202578196 -9.43518403942793
71 -1.1287503197763947e-13 -0.1 26.556104469459708 -10.614582044356423
72 -1.1277373309136486e-13 -0.1 28.59888173634123 -11.793980049284915
73 -1.1246882288213069e-13 -0.1 30.641659003222745 -12.973378054213406
74 -1.123393306461986e-13 -0.1 32.68443627010426 -14.152776059141898
75 -1.1240709112134826e-13 -0.1 34.72721353698578 -15.332174064070388
76 -1.1174156916308424e-13 -0.1 36.76999080386729 -16.51157206899888
77 -1.1276595311457356e-13 -0.1 38.8127680707488 -17.69097007392737
78 -1.128446329281839e-13 -0.1 40.855545337630325 -18.87036807885586
79 -1.1289415920359262e-13 -0.1 42.89832260451183 -20.049766083784352
80 -1.1271758186866431e-13 -0.1 44.941099871393355 -21.229164088712846
81 -1.1280506452809121e-13 -0.1 46.98387713827487 -22.408562093641336
82 -1.1335140316731467e-13 -0.1 49.026654405156386 -23.587960098569827
83 -1.1311671311764666e-13 -0.1 51.06943167203791 -24.76735810349832
84 -1.1355553128643387e-13 -0.1 53.11220893891942 -25.94675610842681
85 -1.1359053970009664e-13 -0.1 55.15498620580094 -27.126154113355305
86 -1.1321176413821662e-13 -0.1 57.19776347268246 -28.305552118283796
87 -1.131035809350916e-13 -0.1 59.24054073956397 -29.484950123212286
88 -1.1331188342128729e-13 -0.1 61.283318006445484 -30.664348128140777
89 -1.1383469363334455e-13 -0.1 63.326095273327006 -31.843746133069267
90 -1.1340450537542088e-13 -0.1 6.128331800644549 3.5381940147854745
91 -1.136004522789955e-13 -0.1 8.171109067526064 2.358796009856983
92 -1.133228486052125e-13 -0.1 10.213886334407581 1.1793980049284916
93 -1.134244161319665e-13 -0.1 12.256663601289098 0.0
94 -1.1294116616522388e-13 -0.1 14.299440868170615 -1.1793980049284911
95 -1.1274172375516034e-13 -0.1 16.34221813505213 -2.3587960098569822
96 -1.1283728826137333e-13 -0.1 18.384995401933647 -3.5381940147854745
97 -1.1305483012818174e-13 -0.1 20.427772668815162 -4.717592019713965
98 -1.1234189755957878e-13 -0.1 22.470549935696678 -5.896990024642457
99 -1.322989622498405e-13 -0.1 24.513327202578196 -7.076388029570948
100 -1.1292001068626038e-13 -0.1 26.556104469459708 -8.255786034499438
101 -1.1257196864135392e-13 -0.1 28.59888173634122 -9.435184039427929
102 -1.1310729303109592e-13 -0.1 30.641659003222742 -10.614582044356425
103 -1.1243603939527193e-13 -0.1 32.684436270104264 -11.793980049284915
104 -1.1200947885744313e-13 -0.1 34.72721353698578 -12.973378054213406
105 -1.1217697731462907e-13 -0.1 36.76999080386729 -14.152776059141898
106 -1.1217697731462907e-13 -0.1 38.81276807074881 -15.332174064070388
107 -1.124598463152553e-13 -0.1 40.855545337630325 -16.51157206899888
108 -1.1296186952767062e-13 -0.1 42.89832260451183 -17.69097007392737
109 -1.1262207151254588e-13 -0.1 44.94109987139335 -18.87036807885586
110 -1.1295513419754815e-13 -0.1 46.98387713827487 -20.049766083784352
111 -1.1292915188211691e-13 -0.1 49.026654405156386 -21.229164088712846
112 -1.136669014489792e-13 -0.1 51.069431672037894 -22.408562093641336
113 -1.1364046058362009e-13 -0.1 53.11220893891942 -23.58796009856983
114 -1.1339461527106565e-13 -0.1 55.15498620580094 -24.76735810349832
115 -1.3107172133136427e-13 -0.1 57.19776347268245 -25.94675610842681
116 -1.133903857618461e-13 -0.1 59.24054073956397 -27.126154113355305
117 -1.1387817508286397e-13 -0.1 61.283318006445484 -28.305552118283796
118 -1.1398329181296088e-13 -0.1 63.326095273327 -29.484950123212286
119 -1.1380568392392694e-13 -0.1 65.36887254020851 -30.664348128140777
120 -1.1347264717033909e-13 -0.1 8.171109067526064 4.717592019713965
121 -1.1298075045307394e-13 -0.1 10.213886334407581 3.5381940147854745
122 -1.1322783498180076e-13 -0.1 12.256663601289098 2.3587960098569827
123 -1.1337915441990665e-13 -0.1 14.299440868170615 1.1793980049284911
124 -1.1294773353476604e-13 -0.1 16.34221813505213 0.0
125 -1.1295094295424657e-13 -0.1 18.384995401933644 -1.1793980049284911
126 -1.127531472478757e-13 -0.1 20.427772668815162 -2.358796009856983
127 -1.1280622802005236e-13 -0.1 22.470549935696678 -3.5381940147854745
128 -1.1278788949112737e-13 -0.1 24.513327202578196 -4.717592019713965
129 -1.1294106436978835e-13 -0.1 26.556104469459708 -5.896990024642457
130 -1.1300011836312988e-13 -0.1 28.598881736341227 -7.076388029570948
131 -1.1297642257860457e-13 -0.1 30.64165900322274 -8.255786034499438
132 -1.127783360853076e-13 -0.1 32.68443627010426 -9.435184039427932
133 -1.1230456019892754e-13 -0.1 34.72721353698578 -10.614582044356425
134 -1.1231172766190942e-13 -0.1 36.76999080386729 -11.793980049284915
135 -1.2843124982629748e-13 -0.1 38.81276807074881 -12.973378054213406
136 -1.1243145596976061e-13 -0.1 40.855545337630325 -14.152776059141898
137 -1.2531666567221504e-13 -0.1 42.89832260451183 -15.332174064070388
138 -1.1285713549677962e-13 -0.1 44.941099871393355 -16.51157206899888
139 -1.1323228478955128e-13 -0.1 46.98387713827487 -17.69097007392737
140 -1.1298582002656322e-13 -0.1 49.02665440515639 -18.87036807885586
141 -1.1260529879319498e-13 -0.1 51.0694316720379 -20.049766083784352
142 -1.130421767404378e-13 -0.1 53.112208938919416 -21.229164088712846
143 -1.1282919781342175e-13 -0.1 55.154986205800945 -22.40856209364134
144 -1.1345764984622042e-13 -0.1 57.19776347268246 -23.58796009856983
145 -1.1348209202903204e-13 -0.1 59.24054073956397 -24.76735810349832
146 -1.1342114985644546e-13 -0.1 61.28331800644549 -25.94675610842681
147 -1.1307515593491031e-13 -0.1 63.326095273327006 -27.126154113355305
148 -1.13872741971796e-13 -0.1 65.36887254020851 -28.305552118283796
149 -1.1308972586799532e-13 -0.1 67.41164980709004 -29.484950123212286
150 -1.1276723349918882e-13 -0.1 10.213886334407581 5.896990024642457
151 -1.1315029832450303e-13 -0.1 12.256663601289098 4.717592019713965
152 -1.1345552224498815e-13 -0.1 14.299440868170613 3.538194014785474
153 -1.132340232701456e-13 -0.1 16.34221813505213 2.3587960098569822
154 -1.2974279001312836e-13 -0.1 18.384995401933644 1.1793980049284911
155 -1.1236848338054729e-13 -0.1 20.427772668815162 0.0
156 -1.1260917899910795e-13 -0.1 22.470549935696678 -1.1793980049284922
157 -1.1275529892403358e-13 -0.1 24.513327202578196 -2.358796009856983
158 -1.1281480502973335e-13 -0.1 26.556104469459708 -3.5381940147854745
159 -1.1226196348324395e-13 -0.1 28.598881736341227 -4.717592019713965
160 -1.1230908540071019e-13 -0.1 30.641659003222742 -5.896990024642457
161 -1.1258000970228642e-13 -0.1 32.68443627010426 -7.076388029570948
162 -1.125326656749287e-13 -0.1 34.72721353698578 -8.25578603449944
163 -1.1220194131622093e-13 -0.1 36.769990803867294 -9.435184039427932
164 -1.1240651227308206e-13 -0.1 38.8127680707488 -10.614582044356425
165 -1.312213280208935e-13 -0.1 40.855545337630325 -11.793980049284915
166 -1.1278832189526207e-13 -0.1 42.89832260451184 -12.973378054213406
167 -1.1226695054477133e-13 -0.1 44.94109987139335 -14.152776059141898
168 -1.1310837776274236e-13 -0.1 46.98387713827487 -15.332174064070388
169 -1.1305943111734954e-13 -0.1 49.026654405156386 -16.51157206899888
170 -1.1308113336551883e-13 -0.1 51.0694316720379 -17.69097007392737
171 -1.1330757912922772e-13 -0.1 53.112208938919416 -18.87036807885586
172 -1.1298915723464456e-13 -0.1 55.15498620580093 -20.049766083784352
173 -1.1306261922166584e-13 -0.1 57.19776347268246 -21.22916408871285
174 -1.1293660248566231e-13 -0.1 59.24054073956397 -22.40856209364134
175 -1.131348659897889e-13 -0.1 61.283318006445484 -23.58796009856983
176 -1.1336276947057231e-13 -0.1 63.326095273327006 -24.76735810349832
177 -1.1356661118346202e-13 -0.1 65.36887254020851 -25.94675610842681
178 -1.3235231426258586e-13 -0.1 67.41164980709003 -27.126154113355305
179 -1.1374647305627978e-13 -0.1 69.45442707397156 -28.305552118283796
180 -1.1330200411229398e-13 -0.1 12.256663601289098 7.076388029570949
181 -1.1322155529883221e-13 -0.1 14.299440868170615 5.896990024642458
182 -1.1307702763838524e-13 -0.1 16.34221813505213 4.717592019713966
183 -1.1241460797022511e-13 -0.1 18.384995401933647 3.5381940147854745
184 -1.3331266339373736e-13 -0.1 20.427772668815162 2.358796009856983
185 -1.1263537660035107e-13 -0.1 22.470549935696678 1.1793980049284922
186 -1.1253938010290403e-13 -0.1 24.513327202578196 0.0
187 -1.120052575891557e-13 -0.1 26.556104469459708 -1.1793980049284911
188 -1.12842512868101e-13 -0.1 28.59888173634123 -2.3587960098569822
189 -1.3073715296484486e-13 -0.1 30.641659003222742 -3.5381940147854736
190 -1.128739753052909e-13 -0.1 32.68443627010426 -4.7175920197139645
191 -1.1234480019540842e-13 -0.1 34.72721353698577 -5.896990024642456
192 -1.1165098085590972e-13 -0.1 36.769990803867294 -7.076388029570949
193 -1.1241350354580254e-13 -0.1 38.81276807074881 -8.25578603449944
194 -1.117661920680321e-13 -0.1 40.855545337630325 -9.43518403942793
195 -1.1238585407770102e-13 -0.1 42.89832260451184 -10.614582044356423
196 -1.1276232018557963e-13 -0.1 44.941099871393355 -11.793980049284913
197 -1.217681160589791e-13 -0.1 46.98387713827487 -12.973378054213404
198 -1.1246032213961909e-13 -0.1 49.02665440515639 -14.152776059141896
199 -1.2831647846522754e-13 -0.1 51.069431672037894 -15.332174064070387
200 -1.1292213793854422e-13 -0.1 53.112208938919416 -16.511572068998877
201 -1.1276946973595926e-13 -0.1 55.15498620580094 -17.690970073927367
202 -1.1307345998513642e-13 -0.1 57.19776347268244 -18.870368078855858
203 -1.1306042673496275e-13 -0.1 59.240540739563976 -20.049766083784352
204 -1.137206414235459e-13 -0.1 61.283318006445484 -21.22916408871285
205 -1.1297885298233728e-13 -0.1 63.326095273327006 -22.408562093641336
206 -1.1367816976378987e-13 -0.1 65.36887254020853 -23.58796009856983
207 -1.130854267507868e-13 -0.1 67.41164980709003 -24.767358103498317
208 -1.1317339427419756e-13 -0.1 69.45442707397156 -25.94675610842681
209 -1.137231928947501e-13 -0.1 71.49720434085307 -27.1261541133553
210 -1.1312236137228058e-13 -0.1 14.299440868170613 8.25578603449944
211 -1.1321823645519103e-13 -0.1 16.34221813505213 7.076388029570949
212 -1.1293672632785209e-13 -0.1 18.384995401933644 5.896990024642458
213 -1.1281723822654332e-13 -0.1 20.427772668815162 4.717592019713965
214 -1.1275751089273144e-13 -0.1 22.470549935696678 3.5381940147854745
215 -1.129790129040294e-13 -0.1 24.513327202578196 2.358796009856983
216 -1.118973210377643e-13 -0.1 26.556104469459708 1.1793980049284911
217 -1.129226174046626e-13 -0.1 28.598881736341227 0.0
218 -1.1270077238133722e-13 -0.1 30.641659003222742 -1.1793980049284911
219 -1.1265079010362069e-13 -0.1 32.68443627010426 -2.3587960098569822
220 -1.1220818832023486e-13 -0.1 34.72721353698578 -3.5381940147854736
221 -1.1197721747940472e-13 -0.1 36.76999080386729 -4.7175920197139645
222 -1.1224393131039773e-13 -0.1 38.81276807074881 -5.896990024642458
223 -1.125866181005391e-13 -0.1 40.855545337630325 -7.076388029570949
224 -1.1207051333193597e-13 -0.1 42.89832260451183 -8.25578603449944
225 -1.12537290810565e-13 -0.1 44.941099871393355 -9.43518403942793
226 -1.1280482190732995e-13 -0.1 46.98387713827487 -10.614582044356423
227 -1.1294149848152151e-13 -0.1 49.026654405156386 -11.793980049284913
228 -1.1305617220877635e-13 -0.1 51.0694316720379 -12.973378054213404
229 -1.1224040493804966e-13 -0.1 53.112208938919416 -14.152776059141896
230 -1.1320267307523652e-13 -0.1 55.15498620580094 -15.332174064070387
231 -1.1331786421838113e-13 -0.1 57.19776347268245 -16.511572068998877
232 -1.1344289144159191e-13 -0.1 59.24054073956396 -17.690970073927367
233 -1.1301572305661019e-13 -0.1 61.28331800644549 -18.870368078855865
234 -1.1356551610731162e-13 -0.1 63.326095273327006 -20.049766083784352
235 -1.1313882346249765e-13 -0.1 65.36887254020851 -21.22916408871285
236 -1.1311212979889418e-13 -0.1 67.41164980709004 -22.408562093641336
237 -1.1314846025098713e-13 -0.1 69.45442707397156 -23.58796009856983
238 -1.128019949884167e-13 -0.1 71.49720434085306 -24.767358103498317
239 -1.1298076312615901e-13 -0.1 73.53998160773457 -25.94675610842681
240 -1.1313756764302724e-13 -0.1 16.34221813505213 9.43518403942793
241 -1.1281339103869656e-13 -0.1 18.384995401933644 8.25578603449944
242 -1.1257072933755474e-13 -0.1 20.427772668815162 7.076388029570949
243 -1.1268560600345613e-13 -0.1 22.470549935696678 5.896990024642457
244 -1.1210887542555754e-13 -0.1 24.513327202578196 4.717592019713965
245 -1.1289642185876812e-13 -0.1 26.556104469459708 3.5381940147854745
246 -1.124921888883665e-13 -0.1 28.59888173634123 2.3587960098569822
247 -1.1182142938608798e-13 -0.1 30.641659003222742 1.1793980049284911
248 -1.1227917041406861e-13 -0.1 32.68443627010426 0.0
249 -1.116079292478616e-13 -0.1 34.72721353698578 -1.1793980049284911
250 -1.1240790088026768e-13 -0.1 36.76999080386729 -2.3587960098569822
251 -1.1219597106045391e-13 -0.1 38.8127680707488 -3.5381940147854736
252 -1.3006269538230227e-13 -0.1 40.855545337630325 -4.717592019713966
253 -1.1165289133118838e-13 -0.1 42.89832260451184 -5.896990024642458
254 -1.1251281389232622e-13 -0.1 44.941099871393355 -7.076388029570949
255 -1.1237589583871204e-13 -0.1 46.98387713827487 -8.25578603449944
256 -1.1256749487547819e-13 -0.1 49.02665440515639 -9.43518403942793
257 -1.1296074902646206e-13 -0.1 51.0694316720379 -10.614582044356423
258 -1.1221109940066871e-13 -0.1 53.112208938919416 -11.793980049284913
259 -1.121756854747744e-13 -0.1 55.15498620580093 -12.973378054213404
260 -1.1331264009098743e-13 -0.1 57.19776347268245 -14.152776059141896
261 -1.1253272996217844e-13 -0.1 59.24054073956396 -15.332174064070387
262 -1.1296129111670817e-13 -0.1 61.28331800644548 -16.511572068998877
263 -1.1287150858058099e-13 -0.1 63.326095273327006 -17.69097007392737
264 -1.1291622223473688e-13 -0.1 65.36887254020851 -18.870368078855865
265 -1.1335961331775788e-13 -0.1 67.41164980709003 -20.049766083784352
266 -1.1293692693653003e-13 -0.1 69.45442707397156 -21.22916408871285
267 -1.1309494937909728e-13 -0.1 71.49720434085307 -22.408562093641336
268 -1.1303699298563887e-13 -0.1 73.53998160773457 -23.58796009856983
269 -1.3088694221266351e-13 -0.1 75.5827588746161 -24.767358103498317
270 -1.1271055490348336e-13 -0.1 18.384995401933644 10.614582044356423
271 -1.1247633362881462e-13 -0.1 20.427772668815162 9.43518403942793
272 -1.1281933900299479e-13 -0.1 22.470549935696678 8.25578603449944
273 -1.125064498649466e-13 -0.1 24.513327202578196 7.076388029570948
274 -1.124493386055252e-13 -0.1 26.556104469459708 5.896990024642457
275 -1.1199529648090411e-13 -0.1 28.598881736341227 4.717592019713965
276 -1.1212935420582282e-13 -0.1 30.641659003222742 3.5381940147854736
277 -1.124741034977469e-13 -0.1 32.68443627010426 2.3587960098569822
278 -1.3231905928380758e-13 -0.1 34.72721353698578 1.1793980049284911
279 -1.1255385338512975e-13 -0.1 36.76999080386729 0.0
280 -1.1251778430267778e-13 -0.1 38.8127680707488 -1.1793980049284911
281 -1.1225093641954608e-13 -0.1 40.855545337630325 -2.3587960098569822
282 -1.1273711100251152e-13 -0.1 42.89832260451184 -3.5381940147854753
283 -1.128508982971476e-13 -0.1 44.941099871393355 -4.717592019713966
284 -1.127304313643729e-13 -0.1 46.98387713827487 -5.896990024642458
285 -1.1208639471986107e-13 -0.1 49.02665440515639 -7.076388029570949
286 -1.312950392608245e-13 -0.1 51.0694316720379 -8.25578603449944
287 -1.1287990146887519e-13 -0.1 53.112208938919416 -9.43518403942793
288 -1.1251214560028111e-13 -0.1 55.15498620580094 -10.614582044356423
289 -1.1291770865826136e-13 -0.1 57.19776347268244 -11.793980049284913
290 -1.1315546851948465e-13 -0.1 59.24054073956396 -12.973378054213404
291 -1.1272179141932597e-13 -0.1 61.283318006445484 -14.152776059141896
292 -1.1321700927737757e-13 -0.1 63.32609527332699 -15.332174064070387
293 -1.1342619507039258e-13 -0.1 65.36887254020853 -16.51157206899888
294 -1.1298578355311115e-13 -0.1 67.41164980709003 -17.69097007392737
295 -1.1322697681839241e-13 -0.1 69.45442707397156 -18.870368078855865
296 -1.33923789988688e-13 -0.1 71.49720434085307 -20.049766083784352
297 -1.1279350788352217e-13 -0.1 73.53998160773457 -21.22916408871285
298 -1.1251690052928808e-13 -0.1 75.5827588746161 -22.408562093641336
299 -1.1315120116626432e-13 -0.1 77.62553614149762 -23.58796009856983
300 -1.124997569564021e-13 -0.1 20.427772668815162 11.793980049284913
301 -1.1288092776844608e-13 -0.1 22.470549935696678 10.614582044356423
302 -1.1215673630928888e-13 -0.1 24.513327202578196 9.43518403942793
303 -1.1209584001689605e-13 -0.1 26.556104469459708 8.255786034499438
304 -1.1262860867820213e-13 -0.1 28.598881736341227 7.076388029570948
305 -1.1239544720416156e-13 -0.1 30.641659003222742 5.896990024642457
306 -1.1264465017526113e-13 -0.1 32.68443627010426 4.7175920197139645
307 -1.127474367930794e-13 -0.1 34.72721353698578 3.5381940147854736
308 -1.2517465059008966e-13 -0.1 36.76999080386729 2.3587960098569822
309 -1.1182982137583666e-13 -0.1 38.8127680707488 1.1793980049284911
310 -1.1226976867485049e-13 -0.1 40.855545337630325 0.0
311 -1.1222038478635783e-13 -0.1 42.89832260451183 -1.1793980049284911
312 -1.2783594767051634e-13 -0.1 44.941099871393355 -2.3587960098569845
313 -1.126018784865449e-13 -0.1 46.98387713827487 -3.5381940147854753
314 -1.1169042013534473e-13 -0.1 49.02665440515639 -4.717592019713966
315 -1.1227181818717831e-13 -0.1 51.0694316720379 -5.896990024642458
316 -1.3110625638272843e-13 -0.1 53.112208938919416 -7.076388029570949
317 -1.1285045348649161e-13 -0.1 55.15498620580094 -8.25578603449944
318 -1.1267278573839689e-13 -0.1 57.19776347268245 -9.43518403942793
319 -1.1264184640392323e-13 -0.1 59.24054073956396 -10.614582044356423
320 -1.1266323498746438e-13 -0.1 61.283318006445484 -11.793980049284913
321 -1.1226554237252437e-13 -0.1 63.326095273327 -12.973378054213404
322 -1.1311578625010866e-13 -0.1 65.36887254020851 -14.152776059141896
323 -1.1290917745778874e-13 -0.1 67.41164980709004 -15.33217406407039
324 -1.1255263234290562e-13 -0.1 69.45442707397156 -16.51157206899888
325 -1.1251482338820459e-13 -0.1 71.49720434085306 -17.69097007392737
326 -1.1304505025256059e-13 -0.1 73.53998160773459 -18.870368078855865
327 -1.1320611598429538e-13 -0.1 75.5827588746161 -20.049766083784352
328 -1.1321669314198193e-13 -0.1 77.6255361414976 -21.22916408871285
329 -1.3319705189430584e-13 -0.1 79.66831340837913 -22.408562093641336
330 -1.1254825791370487e-13 -0.1 22.470549935696674 12.973378054213404
331 -1.1240964763665727e-13 -0.1 24.513327202578193 11.793980049284913
332 -1.1238941685527928e-13 -0.1 26.556104469459708 10.614582044356423
333 -1.121186203561531e-13 -0.1 28.59888173634122 9.435184039427929
334 -1.1263765412338342e-13 -0.1 30.64165900322274 8.255786034499438
335 -1.3175467918632921e-13 -0.1 32.68443627010426 7.076388029570948
336 -1.1220802187271354e-13 -0.1 34.72721353698577 5.896990024642456
337 -1.1254675228183157e-13 -0.1 36.76999080386729 4.7175920197139645
338 -1.125476566295981e-13 -0.1 38.8127680707488 3.5381940147854736
339 -1.1235484609056749e-13 -0.1 40.855545337630325 2.3587960098569822
340 -1.1183867209740416e-13 -0.1 42.89832260451183 1.1793980049284911
341 -1.1216626901468762e-13 -0.1 44.94109987139335 0.0
342 -1.1206186186831813e-13 -0.1 46.98387713827487 -1.1793980049284931
343 -1.1222115396575075e-13 -0.1 49.02665440515639 -2.3587960098569845
344 -1.1255368079524239e-13 -0.1 51.069431672037894 -3.5381940147854753
345 -1.1287219678648954e-13 -0.1 53.112208938919416 -4.717592019713966
346 -1.1267259257281573e-13 -0.1 55.15498620580094 -5.896990024642458
347 -1.1225241598077539e-13 -0.1 57.19776347268244 -7.076388029570949
348 -1.1250047555420306e-13 -0.1 59.24054073956396 -8.25578603449944
349 -1.127794869505182e-13 -0.1 61.28331800644548 -9.43518403942793
350 -1.1289297020210612e-13 -0.1 63.326095273327 -10.614582044356423
351 -1.128251460205754e-13 -0.1 65.36887254020851 -11.793980049284913
352 -1.1298778811457237e-13 -0.1 67.41164980709003 -12.973378054213404
353 -1.1317883312843152e-13 -0.1 69.45442707397156 -14.1527760591419
354 -1.1271734781958739e-13 -0.1 71.49720434085306 -15.33217406407039
355 -1.2895173180638093e-13 -0.1 73.53998160773457 -16.51157206899888
356 -1.3102837148500746e-13 -0.1 75.5827588746161 -17.69097007392737
357 -1.1201075032414038e-13 -0.1 77.6255361414976 -18.870368078855865
358 -1.124074747874605e-13 -0.1 79.66831340837912 -20.049766083784352
359 -1.124621847399404e-13 -0.1 81.71109067526065 -21.22916408871285
360 -1.128220081372327e-13 -0.1 24.513327202578196 14.152776059141898
361 -1.12873857481334e-13 -0.1 26.55610446945971 12.973378054213406
362 -1.1183039751284062e-13 -0.1 28.59888173634123 11.793980049284915
363 -1.1216376506489966e-13 -0.1 30.641659003222742 10.614582044356425
364 -1.1230067931623719e-13 -0.1 32.68443627010426 9.435184039427932
365 -1.127036260752297e-13 -0.1 34.72721353698578 8.25578603449944
366 -1.1277450503019143e-13 -0.1 36.769990803867294 7.076388029570949
367 -1.1240514723335506e-13 -0.1 38.81276807074881 5.896990024642458
368 -1.1230235017380265e-13 -0.1 40.855545337630325 4.717592019713966
369 -1.1262179058101386e-13 -0.1 42.89832260451184 3.5381940147854753
370 -1.3287358215847298e-13 -0.1 44.941099871393355 2.3587960098569845
371 -1.122601799427737e-13 -0.1 46.98387713827487 1.1793980049284931
372 -1.1260377878057558e-13 -0.1 49.02665440515639 0.0
373 -1.1194972065858006e-13 -0.1 51.06943167203791 -1.1793980049284911
374 -1.262659195521247e-13 -0.1 53.112208938919416 -2.3587960098569822
375 -1.1271824501699471e-13 -0.1 55.15498620580094 -3.5381940147854736
376 -1.286179814035537e-13 -0.1 57.19776347268246 -4.7175920197139645
377 -1.1285187062747831e-13 -0.1 59.24054073956396 -5.896990024642456
378 -1.1194742300663102e-13 -0.1 61.283318006445484 -7.076388029570947
379 -1.126801186621969e-13 -0.1 63.326095273327 -8.255786034499438
380 -1.122877091645378e-13 -0.1 65.36887254020851 -9.435184039427929
381 -1.1273254471377274e-13 -0.1 67.41164980709003 -10.61458204435642
382 -1.1293507368508428e-13 -0.1 69.45442707397154 -11.793980049284912
383 -1.3289126458765574e-13 -0.1 71.49720434085307 -12.973378054213406
384 -1.1259128967165389e-13 -0.1 73.53998160773459 -14.152776059141898
385 -1.1271208426995148e-13 -0.1 75.5827588746161 -15.332174064070388
386 -1.1238084982150905e-13 -0.1 77.62553614149762 -16.51157206899888
387 -1.1242127993303685e-13 -0.1 79.66831340837913 -17.69097007392737
388 -1.121784739137428e-13 -0.1 81.71109067526065 -18.87036807885586
389 -1.1273446984963803e-13 -0.1 83.75386794214216 -20.049766083784352
390 -1.1194754322091136e-13 -0.1 26.55610446945971 15.332174064070388
391 -1.1255847321283728e-13 -0.1 28.59888173634123 14.152776059141898
392 -1.1224542796133151e-13 -0.1 30.641659003222745 12.973378054213406
393 -1.1222594207634748e-13 -0.1 32.684436270104264 11.793980049284915
394 -1.2151090752231195e-13 -0.1 34.72721353698578 10.614582044356425
395 -1.1224840824180095e-13 -0.1 36.769990803867294 9.435184039427932
396 -1.1150821113465001e-13 -0.1 38.81276807074881 8.25578603449944
397 -1.1241789491963359e-13 -0.1 40.855545337630325 7.076388029570949
398 -1.1250518946259517e-13 -0.1 42.89832260451184 5.896990024642458
399 -1.1279533686313937e-13 -0.1 44.941099871393355 4.717592019713966
400 -1.1213683540421436e-13 -0.1 46.98387713827487 3.5381940147854753
401 -1.1191964610492391e-13 -0.1 49.02665440515639 2.3587960098569845
402 -1.1233623912548819e-13 -0.1 51.06943167203791 1.1793980049284911
403 -1.1260821268540862e-13 -0.1 53.11220893891942 0.0
404 -1.3316356984696188e-13 -0.1 55.15498620580094 -1.1793980049284911
405 -1.123199739781392e-13 -0.1 57.19776347268246 -2.3587960098569822
406 -1.1230170847496627e-13 -0.1 59.24054073956397 -3.5381940147854736
407 -1.1292708129644394e-13 -0.1 61.283318006445484 -4.7175920197139645
408 -1.1280012757188914e-13 -0.1 63.326095273327006 -5.896990024642456
409 -1.1231971680610298e-13 -0.1 65.36887254020851 -7.076388029570947
410 -1.1239744033330483e-13 -0.1 67.41164980709003 -8.255786034499438
411 -1.1288708340993264e-13 -0.1 69.45442707397156 -9.435184039427929
412 -1.1234203982297116e-13 -0.1 71.49720434085306 -10.61458204435642
413 -1.1243873696589943e-13 -0.1 73.53998160773459 -11.793980049284915
414 -1.1299961692778637e-13 -0.1 75.5827588746161 -12.973378054213406
415 -1.1252668465616484e-13 -0.1 77.62553614149762 -14.152776059141898
416 -1.1279561782679251e-13 -0.1 79.66831340837913 -15.332174064070388
417 -1.126203366410662e-13 -0.1 81.71109067526065 -16.51157206899888
418 -1.1231656027799907e-13 -0.1 83.75386794214216 -17.69097007392737
419 -1.1251013282593522e-13 -0.1 85.79664520902368 -18.87036807885586
420 -1.1223669851183625e-13 -0.1 28.598881736341227 16.51157206899888
421 -1.1219808122777721e-13 -0.1 30.641659003222742 15.332174064070388
422 -1.1266295673278393e-13 -0.1 32.68443627010426 14.152776059141898
423 -1.1179142777809118e-13 -0.1 34.72721353698578 12.973378054213406
424 -1.1257527612382373e-13 -0.1 36.76999080386729 11.793980049284915
425 -1.1225940665323731e-13 -0.1 38.8127680707488 10.614582044356425
426 -1.1225178162899513e-13 -0.1 40.855545337630325 9.43518403942793
427 -1.1219275577934564e-13 -0.1 42.89832260451183 8.25578603449944
428 -1.1276271834685368e-13 -0.1 44.941099871393355 7.076388029570949
429 -1.117666413314684e-13 -0.1 46.98387713827487 5.896990024642458
430 -1.316759927823207e-13 -0.1 49.02665440515639 4.717592019713966
431 -1.1250955753050447e-13 -0.1 51.069431672037894 3.5381940147854753
432 -1.1224518056800335e-13 -0.1 53.112208938919416 2.3587960098569822
433 -1.1206002831957909e-13 -0.1 55.15498620580094 1.1793980049284911
434 -1.1237697744866731e-13 -0.1 57.19776347268245 0.0
435 -1.3137586496969115e-13 -0.1 59.24054073956396 -1.1793980049284911
436 -1.1263388328985741e-13 -0.1 61.283318006445484 -2.3587960098569822
437 -1.1258259405344016e-13 -0.1 63.326095273327 -3.5381940147854736
438 -1.1230292681923087e-13 -0.1 65.36887254020851 -4.7175920197139645
439 -1.1284717627750166e-13 -0.1 67.41164980709003 -5.896990024642456
440 -1.3167481520342083e-13 -0.1 69.45442707397156 -7.076388029570947
441 -1.1215896983387422e-13 -0.1 71.49720434085306 -8.255786034499438
442 -1.1236272853133521e-13 -0.1 73.53998160773457 -9.435184039427929
443 -1.1232894881442684e-13 -0.1 75.5827588746161 -10.614582044356425
444 -1.1264381203429212e-13 -0.1 77.62553614149762 -11.793980049284915
445 -1.1234131631496057e-13 -0.1 79.66831340837912 -12.973378054213406
446 -1.3141306718740536e-13 -0.1 81.71109067526065 -14.152776059141898
447 -1.1274357287530596e-13 -0.1 83.75386794214216 -15.332174064070388
448 -1.1261765054110326e-13 -0.1 85.79664520902367 -16.51157206899888
449 -1.1259144367658e-13 -0.1 87.8394224759052 -17.69097007392737
450 -1.1226768412792013e-13 -0.1 30.641659003222742 17.69097007392737
451 -1.1239869018571447e-13 -0.1 32.68443627010426 16.51157206899888
452 -1.126909966031987e-13 -0.1 34.72721353698578 15.332174064070388
453 -1.1227728698860557e-13 -0.1 36.76999080386729 14.152776059141898
454 -1.1269695680337503e-13 -0.1 38.81276807074881 12.973378054213406
455 -1.1258811385322199e-13 -0.1 40.855545337630325 11.793980049284915
456 -1.1277075012352365e-13 -0.1 42.89832260451184 10.614582044356423
457 -1.127173039423816e-13 -0.1 44.941099871393355 9.43518403942793
458 -1.1242315301913421e-13 -0.1 46.98387713827487 8.25578603449944
459 -1.1257289740755178e-13 -0.1 49.02665440515639 7.076388029570949
460 -1.1212107504398005e-13 -0.1 51.0694316720379 5.896990024642458
461 -1.1177698538306103e-13 -0.1 53.112208938919416 4.717592019713966
462 -1.1180244975596803e-13 -0.1 55.15498620580094 3.5381940147854736
463 -1.1206902831439885e-13 -0.1 57.19776347268246 2.3587960098569822
464 -1.1239581248431438e-13 -0.1 59.24054073956396 1.1793980049284911
465 -1.1263910842633056e-13 -0.1 61.283318006445484 0.0
466 -1.1225589921969311e-13 -0.1 63.326095273327006 -1.1793980049284911
467 -1.128387675590254e-13 -0.1 65.36887254020851 -2.3587960098569822
468 -1.1246692821786857e-13 -0.1 67.41164980709003 -3.5381940147854736
469 -1.1220906963663099e-13 -0.1 69.45442707397154 -4.7175920197139645
470 -1.1223685065062893e-13 -0.1 71.49720434085306 -5.896990024642456
471 -1.1191174395714419e-13 -0.1 73.53998160773457 -7.076388029570947
472 -1.1278115842422234e-13 -0.1 75.5827588746161 -8.255786034499438
473 -1.1218965617360323e-13 -0.1 77.62553614149762 -9.435184039427932
474 -1.1280253242178581e-13 -0.1 79.66831340837913 -10.614582044356425
475 -1.12286785571915e-13 -0.1 81.71109067526065 -11.793980049284915
476 -1.1248654764202169e-13 -0.1 83.75386794214216 -12.973378054213406
477 -1.1272582959598409e-13 -0.1 85.79664520902368 -14.152776059141898
478 -1.1174509465223654e-13 -0.1 87.8394224759052 -15.332174064070388
479 -1.117700868572642e-13 -0.1 89.88219974278671 -16.51157206899888
480 -1.1197364250112846e-13 -0.1 32.68443627010426 18.87036807885586
481 -1.1215841856532838e-13 -0.1 34.72721353698578 17.69097007392737
482 -1.1211794891410002e-13 -0.1 36.76999080386729 16.51157206899888
483 -1.1195345763753641e-13 -0.1 38.81276807074881 15.332174064070388
484 -1.1221259142885517e-13 -0.1 40.855545337630325 14.152776059141898
485 -1.2698867881658238e-13 -0.1 42.89832260451184 12.973378054213406
486 -1.1238686780836561e-13 -0.1 44.941099871393355 11.793980049284913
487 -1.1246553711672578e-13 -0.1 46.98387713827487 10.614582044356423
488 -1.1210304472728683e-13 -0.1 49.02665440515639 9.43518403942793
489 -1.3201834104850653e-13 -0.1 51.0694316720379 8.25578603449944
490 -1.1281862056822831e-13 -0.1 53.112208938919416 7.076388029570949
491 -1.1249706043819709e-13 -0.1 55.15498620580094 5.896990024642458
492 -1.1273648025337383e-13 -0.1 57.19776347268246 4.7175920197139645
493 -1.1243753106989624e-13 -0.1 59.24054073956397 3.5381940147854736
494 -1.3059605835012637e-13 -0.1 61.283318006445484 2.3587960098569822
495 -1.1276663295928757e-13 -0.1 63.326095273327006 1.1793980049284911
496 -1.1222253264275606e-13 -0.1 65.36887254020851 0.0
497 -1.1232418214034533e-13 -0.1 67.41164980709003 -1.1793980049284911
498 -1.1195168964428835e-13 -0.1 69.45442707397156 -2.3587960098569822
499 -1.1228843726042038e-13 -0.1 71.49720434085306 -3.5381940147854736
500 -1.1175633525524128e-13 -0.1 73.53998160773457 -4.7175920197139645
501 -1.1267096732207625e-13 -0.1 75.5827588746161 -5.896990024642456
502 -1.1192058029345958e-13 -0.1 77.6255361414976 -7.076388029570947
503 -1.1219534581877306e-13 -0.1 79.66831340837913 -8.255786034499442
504 -1.1253412525770716e-13 -0.1 81.71109067526065 -9.435184039427932
505 -1.1271096813408276e-13 -0.1 83.75386794214216 -10.614582044356425
506 -1.329968835570726e-13 -0.1 85.79664520902368 -11.793980049284915
507 -1.120338833163036e-13 -0.1 87.8394224759052 -12.973378054213406
508 -1.1199657365085471e-13 -0.1 89.88219974278671 -14.152776059141898
509 -1.119775806010873e-13 -0.1 91.92497700966824 -15.332174064070388
510 -1.1266930058663167e-13 -0.1 34.72721353698577 20.049766083784352
511 -1.1252409628094558e-13 -0.1 36.76999080386729 18.87036807885586
512 -1.1190912398765865e-13 -0.1 38.8127680707488 17.69097007392737
513 -1.3196537977152644e-13 -0.1 40.855545337630325 16.51157206899888
514 -1.2854200661293516e-13 -0.1 42.89832260451183 15.332174064070388
515 -1.1252988432340929e-13 -0.1 44.94109987139335 14.152776059141898
516 -1.1253901391186858e-13 -0.1 46.98387713827487 12.973378054213404
517 -1.1251817822495729e-13 -0.1 49.026654405156386 11.793980049284913
518 -1.1236868120388352e-13 -0.1 51.0694316720379 10.614582044356423
519 -1.1267747009609166e-13 -0.1 53.112208938919416 9.43518403942793
520 -1.1189853810739379e-13 -0.1 55.15498620580094 8.25578603449944
521 -1.1183204070533606e-13 -0.1 57.19776347268244 7.076388029570949
522 -1.1250796849129262e-13 -0.1 59.24054073956396 5.896990024642456
523 -1.1194815874488483e-13 -0.1 61.283318006445484 4.7175920197139645
524 -1.1243569114257497e-13 -0.1 63.326095273327 3.5381940147854736
525 -1.128794636472665e-13 -0.1 65.36887254020851 2.3587960098569822
526 -1.1215183802557113e-13 -0.1 67.41164980709003 1.1793980049284911
527 -1.3178310977923454e-13 -0.1 69.45442707397154 0.0
528 -1.1231605826840868e-13 -0.1 71.49720434085306 -1.1793980049284911
529 -1.1219030380911047e-13 -0.1 73.53998160773457 -2.3587960098569822
530 -1.1206404839874115e-13 -0.1 75.5827588746161 -3.5381940147854736
531 -1.277309100651662e-13 -0.1 77.6255361414976 -4.7175920197139645
532 -1.123085679043673e-13 -0.1 79.66831340837912 -5.896990024642456
533 -1.1242596580866821e-13 -0.1 81.71109067526065 -7.076388029570951
534 -1.12507980248995e-13 -0.1 83.75386794214216 -8.255786034499442
535 -1.1256982729993388e-13 -0.1 85.79664520902367 -9.435184039427932
536 -1.1253743029118679e-13 -0.1 87.8394224759052 -10.614582044356425
537 -1.1233796743845009e-13 -0.1 89.88219974278671 -11.793980049284915
538 -1.1183363738521186e-13 -0.1 91.92497700966821 -12.973378054213406
539 -1.1194334761779994e-13 -0.1 93.96775427654974 -14.152776059141898
540 -1.1234205281525071e-13 -0.1 36.76999080386729 21.229164088712846
541 -1.1235983226214579e-13 -0.1 38.8127680707488 20.049766083784352
542 -1.1228801700522782e-13 -0.1 40.855545337630325 18.87036807885586
543 -1.128443069474085e-13 -0.1 42.89832260451183 17.69097007392737
544 -1.1283490500794425e-13 -0.1 44.941099871393355 16.51157206899888
545 -1.1269190874535954e-13 -0.1 46.98387713827487 15.332174064070388
546 -1.3017552908847306e-13 -0.1 49.02665440515639 14.152776059141896
547 -1.1293868511435814e-13 -0.1 51.0694316720379 12.973378054213404
548 -1.127935291340303e-13 -0.1 53.112208938919416 11.793980049284913
549 -1.1275031310735444e-13 -0.1 55.15498620580094 10.614582044356423
550 -1.1236917099257883e-13 -0.1 57.19776347268245 9.43518403942793
551 -1.127396485531618e-13 -0.1 59.24054073956396 8.25578603449944
552 -1.1223784328796394e-13 -0.1 61.283318006445484 7.076388029570947
553 -1.1252895964005213e-13 -0.1 63.326095273327006 5.896990024642456
554 -1.1214014999723221e-13 -0.1 65.36887254020851 4.7175920197139645
555 -1.122539119032147e-13 -0.1 67.41164980709003 3.5381940147854736
556 -1.1166580310311925e-13 -0.1 69.45442707397156 2.3587960098569822
557 -1.1193536101868214e-13 -0.1 71.49720434085306 1.1793980049284911
558 -1.1233160707369693e-13 -0.1 73.53998160773457 0.0
559 -1.1208815346140361e-13 -0.1 75.5827588746161 -1.1793980049284911
560 -1.1187503906934551e-13 -0.1 77.6255361414976 -2.3587960098569822
561 -1.124036058093412e-13 -0.1 79.66831340837912 -3.5381940147854736
562 -1.1159227238197958e-13 -0.1 81.71109067526065 -4.7175920197139645
563 -1.1205377963338365e-13 -0.1 83.75386794214216 -5.896990024642459
564 -1.1221016632418485e-13 -0.1 85.79664520902368 -7.076388029570951
565 -1.1193222536183348e-13 -0.1 87.8394224759052 -8.255786034499442
566 -1.1181951398292689e-13 -0.1 89.88219974278671 -9.435184039427932
567 -1.1245336391869808e-13 -0.1 91.92497700966824 -10.614582044356425
568 -1.1202447392309342e-13 -0.1 93.96775427654974 -11.793980049284915
569 -1.1230501907121663e-13 -0.1 96.01053154343126 -12.973378054213406
570 -1.1236725950392667e-13 -0.1 38.8127680707488 22.408562093641336
571 -1.1226144724101524e-13 -0.1 40.85554533763032 21.229164088712846
572 -1.3280852673092965e-13 -0.1 42.89832260451183 20.049766083784352
573 -1.1254944113425803e-13 -0.1 44.94109987139335 18.87036807885586
574 -1.1207227220404785e-13 -0.1 46.98387713827487 17.69097007392737
575 -1.3209034084501587e-13 -0.1 49.026654405156386 16.51157206899888
576 -1.1297360087836685e-13 -0.1 51.069431672037894 15.332174064070387
577 -1.1262534390424787e-13 -0.1 53.112208938919416 14.152776059141896
578 -1.131297127773967e-13 -0.1 55.15498620580093 12.973378054213404
579 -1.1277220996040272e-13 -0.1 57.19776347268244 11.793980049284913
580 -1.129444519758219e-13 -0.1 59.24054073956396 10.614582044356423
581 -1.1213237329304031e-13 -0.1 61.28331800644548 9.43518403942793
582 -1.129501180335005e-13 -0.1 63.326095273327 8.255786034499438
583 -1.1257382300409408e-13 -0.1 65.36887254020851 7.076388029570947
584 -1.1240338201102842e-13 -0.1 67.41164980709003 5.896990024642456
585 -1.1271416526347735e-13 -0.1 69.45442707397154 4.7175920197139645
586 -1.1257039266756438e-13 -0.1 71.49720434085306 3.5381940147854736
587 -1.117915497396733e-13 -0.1 73.53998160773457 2.3587960098569822
588 -1.1214582060434287e-13 -0.1 75.5827588746161 1.1793980049284911
589 -1.1242928972477242e-13 -0.1 77.6255361414976 0.0
590 -1.1259273575721877e-13 -0.1 79.66831340837912 -1.1793980049284911
591 -1.1212451524745322e-13 -0.1 81.71109067526065 -2.3587960098569822
592 -1.1198673321818418e-13 -0.1 83.75386794214215 -3.5381940147854736
593 -1.1249552492835802e-13 -0.1 85.79664520902368 -4.717592019713969
594 -1.1272030658897867e-13 -0.1 87.8394224759052 -5.896990024642459
595 -1.2816056685096578e-13 -0.1 89.8821997427867 -7.076388029570951
596 -1.1243052009994374e-13 -0.1 91.92497700966824 -8.255786034499442
597 -1.1251482059464654e-13 -0.1 93.96775427654974 -9.435184039427932
598 -1.1216256040981553e-13 -0.1 96.01053154343124 -10.614582044356425
599 -1.1266004972525727e-13 -0.1 98.05330881031279 -11.793980049284915
600 -1.1242511602103873e-13 -0.1 40.855545337630325 23.587960098569827
601 -1.132342508314416e-13 -0.1 42.89832260451183 22.408562093641336
602 -1.1300594957342469e-13 -0.1 44.941099871393355 21.229164088712846
603 -1.1296229697132365e-13 -0.1 46.98387713827487 20.049766083784352
604 -1.1319150768525684e-13 -0.1 49.02665440515639 18.87036807885586
605 -1.297385788883995e-13 -0.1 51.0694316720379 17.69097007392737
606 -1.1313609943584825e-13 -0.1 53.112208938919416 16.511572068998877
607 -1.1231009805979274e-13 -0.1 55.15498620580094 15.332174064070387
608 -1.1323348272447848e-13 -0.1 57.19776347268245 14.152776059141896
609 -1.1257423359975967e-13 -0.1 59.24054073956396 12.973378054213404
610 -1.1267628137088178e-13 -0.1 61.283318006445484 11.793980049284913
611 -1.1227364648442785e-13 -0.1 63.326095273327 10.614582044356423
612 -1.1243129097369046e-13 -0.1 65.36887254020851 9.435184039427929
613 -1.1258640250109935e-13 -0.1 67.41164980709003 8.255786034499438
614 -1.1274531232277969e-13 -0.1 69.45442707397156 7.076388029570947
615 -1.1244534844861056e-13 -0.1 71.49720434085306 5.896990024642456
616 -1.1261497984717674e-13 -0.1 73.53998160773457 4.7175920197139645
617 -1.1184665956014062e-13 -0.1 75.5827588746161 3.5381940147854736
618 -1.1270875837495395e-13 -0.1 77.6255361414976 2.3587960098569822
619 -1.1227692780886045e-13 -0.1 79.66831340837912 1.1793980049284911
620 -1.1204410684357149e-13 -0.1 81.71109067526065 0.0
621 -1.1232230866798311e-13 -0.1 83.75386794214215 -1.1793980049284911
622 -1.2899190099843918e-13 -0.1 85.79664520902367 -2.3587960098569822
623 -1.1194360800321176e-13 -0.1 87.8394224759052 -3.538194014785477
624 -1.1159321707336307e-13 -0.1 89.88219974278671 -4.717592019713969
625 -1.1216875864496846e-13 -0.1 91.92497700966824 -5.896990024642459
626 -1.1231923252107854e-13 -0.1 93.96775427654974 -7.076388029570951
627 -1.1225482597248421e-13 -0.1 96.01053154343126 -8.255786034499442
628 -1.127730335357712e-13 -0.1 98.05330881031279 -9.435184039427932
629 -1.1245243648409623e-13 -0.1 100.09608607719429 -10.614582044356425
630 -1.1225912952878656e-13 -0.1 42.89832260451183 24.767358103498317
631 -1.1239706882870933e-13 -0.1 44.94109987139335 23.587960098569827
632 -1.1284284455280242e-13 -0.1 46.98387713827487 22.408562093641336
633 -1.1276134516668676e-13 -0.1 49.026654405156386 21.229164088712846
634 -1.1303240442072771e-13 -0.1 51.0694316720379 20.049766083784352
635 -1.1347785837928586e-13 -0.1 53.112208938919416 18.87036807885586
636 -1.1317402673558234e-13 -0.1 55.15498620580094 17.690970073927367
637 -1.1282060462553648e-13 -0.1 57.19776347268245 16.511572068998877
638 -1.1279707855664743e-13 -0.1 59.24054073956396 15.332174064070387
639 -1.1274906763511589e-13 -0.1 61.283318006445484 14.152776059141896
640 -1.130280663509357e-13 -0.1 63.326095273327 12.973378054213404
641 -1.1266770658274846e-13 -0.1 65.36887254020851 11.793980049284913
642 -1.2995926358461954e-13 -0.1 67.41164980709003 10.61458204435642
643 -1.1286590491619505e-13 -0.1 69.45442707397156 9.435184039427929
644 -1.1205175700495252e-13 -0.1 71.49720434085306 8.255786034499438
645 -1.118776339365632e-13 -0.1 73.53998160773457 7.076388029570947
646 -1.1228194851477889e-13 -0.1 75.5827588746161 5.896990024642456
647 -1.1245840028304785e-13 -0.1 77.6255361414976 4.7175920197139645
648 -1.1265849324091975e-13 -0.1 79.66831340837912 3.5381940147854736
649 -1.1222754404444432e-13 -0.1 81.71109067526065 2.3587960098569822
650 -1.1219441686551914e-13 -0.1 83.75386794214215 1.1793980049284911
651 -1.1221650799653862e-13 -0.1 85.79664520902367 0.0
652 -1.1243702252356615e-13 -0.1 87.8394224759052 -1.1793980049284911
653 -1.1226036872148158e-13 -0.1 89.88219974278671 -2.3587960098569862
654 -1.1209886011571674e-13 -0.1 91.92497700966824 -3.538194014785477
655 -1.1247212355077909e-13 -0.1 93.96775427654974 -4.717592019713969
656 -1.1244502684491832e-13 -0.1 96.01053154343126 -5.896990024642459
657 -1.1288321874627534e-13 -0.1 98.05330881031279 -7.076388029570951
658 -1.1255954935307925e-13 -0.1 100.09608607719429 -8.255786034499442
659 -1.1301120135853122e-13 -0.1 102.1388633440758 -9.435184039427932
660 -1.1311978677447877e-13 -0.1 44.94109987139335 25.946756108426808
661 -1.134063838149907e-13 -0.1 46.98387713827486 24.767358103498317
662 -1.1255640039861893e-13 -0.1 49.026654405156386 23.587960098569827
663 -1.1316073323856981e-13 -0.1 51.069431672037894 22.408562093641336
664 -1.1237920998437807e-13 -0.1 53.112208938919416 21.229164088712846
665 -1.1296325813863866e-13 -0.1 55.15498620580093 20.049766083784352
666 -1.1305510150119657e-13 -0.1 57.19776347268244 18.870368078855858
667 -1.129435715929001e-13 -0.1 59.24054073956396 17.690970073927367
668 -1.1328985286035463e-13 -0.1 61.28331800644548 16.511572068998877
669 -1.1246594429015909e-13 -0.1 63.32609527332699 15.332174064070387
670 -1.1304570171008127e-13 -0.1 65.36887254020851 14.152776059141896
671 -1.125831675607735e-13 -0.1 67.41164980709003 12.973378054213404
672 -1.1296461277976493e-13 -0.1 69.45442707397154 11.793980049284912
673 -1.1272120542284198e-13 -0.1 71.49720434085306 10.61458204435642
674 -1.1218429419074385e-13 -0.1 73.53998160773457 9.435184039427929
675 -1.121183545105143e-13 -0.1 75.5827588746161 8.255786034499438
676 -1.1265199345741512e-13 -0.1 77.6255361414976 7.076388029570947
677 -1.1162102049912951e-13 -0.1 79.66831340837912 5.896990024642456
678 -1.1242471626228928e-13 -0.1 81.71109067526065 4.7175920197139645
679 -1.1232064795898705e-13 -0.1 83.75386794214215 3.5381940147854736
680 -1.1244897159536981e-13 -0.1 85.79664520902367 2.3587960098569822
681 -1.1226533859447672e-13 -0.1 87.8394224759052 1.1793980049284911
682 -1.1248286810829573e-13 -0.1 89.8821997427867 0.0
683 -1.1180478968502543e-13 -0.1 91.92497700966824 -1.1793980049284951
684 -1.1227173928022992e-13 -0.1 93.96775427654974 -2.3587960098569862
685 -1.1227119873404615e-13 -0.1 96.01053154343124 -3.538194014785477
686 -1.1247675965286135e-13 -0.1 98.05330881031279 -4.717592019713969
687 -1.1296121745083101e-13 -0.1 100.09608607719429 -5.896990024642459
688 -1.129323110143422e-13 -0.1 102.13886334407579 -7.076388029570951
689 -1.1255881290969651e-13 -0.1 104.18164061095733 -8.255786034499442
690 -1.28192639276034e-13 -0.1 46.98387713827488 27.126154113355305
691 -1.1317488392791842e-13 -0.1 49.02665440515639 25.94675610842681
692 -1.131702560564353e-13 -0.1 51.06943167203791 24.76735810349832
693 -1.1309441503157223e-13 -0.1 53.11220893891942 23.58796009856983
694 -1.1331302358364537e-13 -0.1 55.154986205800945 22.40856209364134
695 -1.1301582784152589e-13 -0.1 57.19776347268246 21.22916408871285
696 -1.1308555072072506e-13 -0.1 59.240540739563976 20.049766083784352
697 -1.1306036445059207e-13 -0.1 61.28331800644549 18.870368078855865
698 -1.1286208931211011e-13 -0.1 63.326095273327006 17.69097007392737
699 -1.1300364120807118e-13 -0.1 65.36887254020853 16.51157206899888
700 -1.1247391285508295e-13 -0.1 67.41164980709004 15.33217406407039
701 -1.128635292350135e-13 -0.1 69.45442707397156 14.1527760591419
702 -1.3134194857094332e-13 -0.1 71.49720434085307 12.973378054213406
703 -1.1215199302162256e-13 -0.1 73.53998160773459 11.793980049284915
704 -1.1274167124728405e-13 -0.1 75.5827588746161 10.614582044356425
705 -1.1268892171913205e-13 -0.1 77.62553614149762 9.435184039427932
706 -1.127373755785829e-13 -0.1 79.66831340837913 8.255786034499442
707 -1.1185903228818812e-13 -0.1 81.71109067526065 7.076388029570951
708 -1.1235804280877573e-13 -0.1 83.75386794214216 5.896990024642459
709 -1.1226067910725637e-13 -0.1 85.79664520902368 4.717592019713969
710 -1.12608588047972e-13 -0.1 87.8394224759052 3.538194014785477
711 -1.1269483892492332e-13 -0.1 89.88219974278671 2.3587960098569862
712 -1.128599061257675e-13 -0.1 91.92497700966824 1.1793980049284951
713 -1.311033843681178e-13 -0.1 93.96775427654975 0.0
714 -1.1238485295260141e-13 -0.1 96.01053154343127 -1.1793980049284911
715 -1.1290230085309787e-13 -0.1 98.05330881031279 -2.3587960098569822
716 -1.1293031723138144e-13 -0.1 100.0960860771943 -3.5381940147854736
717 -1.1237318744281458e-13 -0.1 102.13886334407582 -4.7175920197139645
718 -1.1299684193494131e-13 -0.1 104.18164061095733 -5.896990024642456
719 -1.1275572645144865e-13 -0.1 106.22441787783885 -7.076388029570947
720 -1.1262595568909427e-13 -0.1 49.02665440515639 28.305552118283796
721 -1.1302711253860715e-13 -0.1 51.0694316720379 27.126154113355305
722 -1.292185471921198e-13 -0.1 53.11220893891942 25.94675610842681
723 -1.1316613508360066e-13 -0.1 55.15498620580094 24.76735810349832
724 -1.12873414164571e-13 -0.1 57.19776347268246 23.58796009856983
725 -1.1311435221653963e-13 -0.1 59.24054073956397 22.40856209364134
726 -1.134771008608723e-13 -0.1 61.283318006445484 21.22916408871285
727 -1.13560567182609e-13 -0.1 63.326095273327006 20.049766083784352
728 -1.1274823622603391e-13 -0.1 65.36887254020851 18.870368078855865
729 -1.1307971627352967e-13 -0.1 67.41164980709003 17.69097007392737
730 -1.1291495041468261e-13 -0.1 69.45442707397156 16.51157206899888
731 -1.1295606910385382e-13 -0.1 71.49720434085306 15.33217406407039
732 -1.1307864761837739e-13 -0.1 73.53998160773459 14.152776059141898
733 -1.1271641507822617e-13 -0.1 75.5827588746161 12.973378054213406
734 -1.1257695032167082e-13 -0.1 77.62553614149762 11.793980049284915
735 -1.129068779550249e-13 -0.1 79.66831340837913 10.614582044356425
736 -1.1210581066573677e-13 -0.1 81.71109067526065 9.435184039427932
737 -1.1245292469755223e-13 -0.1 83.75386794214216 8.255786034499442
738 -1.1252891707851024e-13 -0.1 85.79664520902368 7.076388029570951
739 -1.1234339435362274e-13 -0.1 87.8394224759052 5.896990024642459
740 -1.1244502184752481e-13 -0.1 89.88219974278671 4.717592019713969
741 -1.1260069827920999e-13 -0.1 91.92497700966824 3.538194014785477
742 -1.1209658690482117e-13 -0.1 93.96775427654974 2.3587960098569862
743 -1.3112673721582264e-13 -0.1 96.01053154343127 1.1793980049284911
744 -1.1250942947220027e-13 -0.1 98.05330881031279 0.0
745 -1.1261783797215541e-13 -0.1 100.09608607719429 -1.1793980049284911
746 -1.1285144730572782e-13 -0.1 102.13886334407582 -2.3587960098569822
747 -1.1324566106581946e-13 -0.1 104.18164061095733 -3.5381940147854736
748 -1.1349639596090636e-13 -0.1 106.22441787783883 -4.7175920197139645
749 -1.1315657975515121e-13 -0.1 108.26719514472038 -5.896990024642456
750 -1.1378865126140188e-13 -0.1 51.0694316720379 29.484950123212286
751 -1.1343978446661518e-13 -0.1 53.112208938919416 28.305552118283796
752 -1.1354588249880635e-13 -0.1 55.15498620580094 27.126154113355305
753 -1.1323789970817292e-13 -0.1 57.19776347268245 25.94675610842681
754 -1.1351728879902964e-13 -0.1 59.24054073956397 24.76735810349832
755 -1.1333479115565798e-13 -0.1 61.283318006445484 23.58796009856983
756 -1.136789522305119e-13 -0.1 63.326095273327006 22.408562093641336
757 -1.1361608569717679e-13 -0.1 65.36887254020851 21.22916408871285
758 -1.1301264144810086e-13 -0.1 67.41164980709003 20.049766083784352
759 -1.1289837465541546e-13 -0.1 69.45442707397156 18.870368078855865
760 -1.133873004153524e-13 -0.1 71.49720434085306 17.69097007392737
761 -1.1198872873730022e-13 -0.1 73.53998160773457 16.51157206899888
762 -1.1261157482999031e-13 -0.1 75.5827588746161 15.332174064070388
763 -1.1291891101237846e-13 -0.1 77.62553614149762 14.152776059141898
764 -1.1267372081631695e-13 -0.1 79.66831340837912 12.973378054213406
765 -1.1281660453081601e-13 -0.1 81.71109067526065 11.793980049284915
766 -1.1283130209720204e-13 -0.1 83.75386794214216 10.614582044356425
767 -1.1289971062384042e-13 -0.1 85.79664520902367 9.435184039427932
768 -1.125227658474522e-13 -0.1 87.8394224759052 8.255786034499442
769 -1.1285699561190109e-13 -0.1 89.8821997427867 7.076388029570951
770 -1.1243942134898215e-13 -0.1 91.92497700966824 5.896990024642459
771 -1.1278798134911223e-13 -0.1 93.96775427654974 4.717592019713969
772 -1.1238035988948097e-13 -0.1 96.01053154343124 3.538194014785477
773 -1.126651066427909e-13 -0.1 98.05330881031279 2.3587960098569822
774 -1.282828393746467e-13 -0.1 100.09608607719429 1.1793980049284911
775 -1.130967446448354e-13 -0.1 102.1388633440758 0.0
776 -1.1304817584774328e-13 -0.1 104.18164061095733 -1.1793980049284911
777 -1.1307239071110731e-13 -0.1 106.22441787783883 -2.3587960098569822
778 -1.1351158607592637e-13 -0.1 108.26719514472035 -3.5381940147854736
779 -1.1332187971720415e-13 -0.1 110.30997241160188 -4.7175920197139645
780 -1.1393626306382707e-13 -0.1 53.11220893891942 30.664348128140777
781 -1.1371659085831784e-13 -0.1 55.15498620580094 29.484950123212286
782 -1.138044523593118e-13 -0.1 57.19776347268246 28.305552118283796
783 -1.1338915066653768e-13 -0.1 59.24054073956397 27.126154113355305
784 -1.137345608480777e-13 -0.1 61.28331800644549 25.94675610842681
785 -1.3200160111134245e-13 -0.1 63.326095273327006 24.76735810349832
786 -1.1344863811097237e-13 -0.1 65.36887254020853 23.58796009856983
787 -1.129684339303736e-13 -0.1 67.41164980709004 22.408562093641336
788 -1.1294402885520997e-13 -0.1 69.45442707397156 21.22916408871285
789 -1.132668803378116e-13 -0.1 71.49720434085307 20.049766083784352
790 -1.1279699869964115e-13 -0.1 73.53998160773459 18.870368078855865
791 -1.1295581764163103e-13 -0.1 75.5827588746161 17.69097007392737
792 -1.1253280700276039e-13 -0.1 77.62553614149762 16.51157206899888
793 -1.1273919376835947e-13 -0.1 79.66831340837913 15.332174064070388
794 -1.1279760669953007e-13 -0.1 81.71109067526065 14.152776059141898
795 -1.2746581656837336e-13 -0.1 83.75386794214216 12.973378054213406
796 -1.1219912113215557e-13 -0.1 85.79664520902368 11.793980049284915
797 -1.1205991363935253e-13 -0.1 87.8394224759052 10.614582044356425
798 -1.128192105198293e-13 -0.1 89.88219974278671 9.435184039427932
799 -1.1237972085047062e-13 -0.1 91.92497700966824 8.255786034499442
800 -1.1258796311520512e-13 -0.1 93.96775427654974 7.076388029570951
801 -1.1241142197474873e-13 -0.1 96.01053154343126 5.896990024642459
802 -1.1249505700725386e-13 -0.1 98.05330881031279 4.717592019713969
803 -1.1235585991181587e-13 -0.1 100.0960860771943 3.5381940147854736
804 -1.125511056618116e-13 -0.1 102.13886334407582 2.3587960098569822
805 -1.130314119772782e-13 -0.1 104.18164061095733 1.1793980049284911
806 -1.1342142792443955e-13 -0.1 106.22441787783885 0.0
807 -1.131830014555159e-13 -0.1 108.26719514472038 -1.1793980049284911
808 -1.1308848579650021e-13 -0.1 110.30997241160188 -2.3587960098569822
809 -1.1369760706907298e-13 -0.1 112.35274967848339 -3.5381940147854736
810 -1.135097444432954e-13 -0.1 55.15498620580094 31.843746133069267
811 -1.141025881493814e-13 -0.1 57.19776347268245 30.664348128140777
812 -1.1298798050404666e-13 -0.1 59.24054073956397 29.484950123212286
813 -1.1384576489472672e-13 -0.1 61.283318006445484 28.305552118283796
814 -1.1355362661806758e-13 -0.1 63.326095273327006 27.126154113355305
815 -1.1332634752980399e-13 -0.1 65.36887254020851 25.94675610842681
816 -1.1291087828581565e-13 -0.1 67.41164980709003 24.767358103498317
817 -1.1355296702901831e-13 -0.1 69.45442707397156 23.58796009856983
818 -1.1279125585032729e-13 -0.1 71.49720434085307 22.408562093641336
819 -1.1303392481009635e-13 -0.1 73.53998160773457 21.22916408871285
820 -1.1284993311067919e-13 -0.1 75.5827588746161 20.049766083784352
821 -1.1301935620942008e-13 -0.1 77.6255361414976 18.870368078855865
822 -1.1212959788785125e-13 -0.1 79.66831340837913 17.69097007392737
823 -1.1279675149132916e-13 -0.1 81.71109067526065 16.51157206899888
824 -1.1219656049990655e-13 -0.1 83.75386794214216 15.332174064070388
825 -1.1214878891480261e-13 -0.1 85.79664520902368 14.152776059141898
826 -1.1204235548091208e-13 -0.1 87.8394224759052 12.973378054213406
827 -1.1268449817474054e-13 -0.1 89.88219974278671 11.793980049284915
828 -1.1194417236275841e-13 -0.1 91.92497700966824 10.614582044356425
829 -1.1168559533512401e-13 -0.1 93.96775427654974 9.435184039427932
830 -1.1243848117942461e-13 -0.1 96.01053154343126 8.255786034499442
831 -1.1279877088088952e-13 -0.1 98.05330881031279 7.076388029570951
832 -1.1275545669964463e-13 -0.1 100.09608607719429 5.896990024642459
833 -1.1266877033273891e-13 -0.1 102.13886334407582 4.7175920197139645
834 -1.1264164644741601e-13 -0.1 104.18164061095733 3.5381940147854736
835 -1.129654237283213e-13 -0.1 106.22441787783883 2.3587960098569822
836 -1.1321852029755795e-13 -0.1 108.26719514472038 1.1793980049284911
837 -1.1308302115591895e-13 -0.1 110.30997241160188 0.0
838 -1.132161389912198e-13 -0.1 112.35274967848338 -1.1793980049284911
839 -1.2686565633314226e-13 -0.1 114.39552694536492 -2.3587960098569822
840 -1.1312909017964033e-13 -0.1 57.19776347268245 33.02314413799776
841 -1.13521453081449e-13 -0.1 59.24054073956396 31.843746133069267
842 -1.1398738313938448e-13 -0.1 61.283318006445484 30.664348128140777
843 -1.1334908112407445e-13 -0.1 63.326095273327 29.484950123212286
844 -1.1313347386348352e-13 -0.1 65.36887254020851 28.305552118283796
845 -1.2977336166179344e-13 -0.1 67.41164980709003 27.126154113355305
846 -1.1359040524398814e-13 -0.1 69.45442707397156 25.94675610842681
847 -1.1311766855228878e-13 -0.1 71.49720434085306 24.767358103498317
848 -1.1230153607669015e-13 -0.1 73.53998160773457 23.58796009856983
849 -1.3277974508573202e-13 -0.1 75.5827588746161 22.408562093641336
850 -1.1296842512184137e-13 -0.1 77.6255361414976 21.22916408871285
851 -1.290591482720564e-13 -0.1 79.66831340837912 20.049766083784352
852 -1.1282276167548827e-13 -0.1 81.71109067526065 18.87036807885586
853 -1.1275579632162109e-13 -0.1 83.75386794214216 17.69097007392737
854 -1.1289781312852993e-13 -0.1 85.79664520902367 16.51157206899888
855 -1.1263547201029608e-13 -0.1 87.8394224759052 15.332174064070388
856 -1.1237177648674265e-13 -0.1 89.88219974278671 14.152776059141898
857 -1.1270805356358478e-13 -0.1 91.92497700966821 12.973378054213406
858 -1.1239380583336579e-13 -0.1 93.96775427654974 11.793980049284915
859 -1.3207629622132354e-13 -0.1 96.01053154343124 10.614582044356425
860 -1.1266434870271325e-13 -0.1 98.05330881031279 9.435184039427932
861 -1.1306231536173544e-13 -0.1 100.09608607719429 8.255786034499442
862 -1.1325397677532998e-13 -0.1 102.13886334407579 7.076388029570951
863 -1.1315718107724155e-13 -0.1 104.18164061095733 5.896990024642456
864 -1.134467490851731e-13 -0.1 106.22441787783883 4.7175920197139645
865 -1.1316441366389122e-13 -0.1 108.26719514472035 3.5381940147854736
866 -1.1334630565174426e-13 -0.1 110.30997241160188 2.3587960098569822
867 -1.1327919807111911e-13 -0.1 112.35274967848338 1.1793980049284911
868 -1.1324060085029148e-13 -0.1 114.3955269453649 0.0
869 -1.1354955052694279e-13 -0.1 116.43830421224642 -1.1793980049284911
870 -1.1365109235358559e-13 -0.1 59.24054073956397 34.20254214292625
871 -1.1362386194335773e-13 -0.1 61.283318006445484 33.02314413799776
872 -1.137891499419202e-13 -0.1 63.326095273327006 31.843746133069267
873 -1.1289110165215468e-13 -0.1 65.36887254020851 30.664348128140777
874 -1.1396674520965198e-13 -0.1 67.41164980709004 29.484950123212286
875 -1.1348202488642821e-13 -0.1 69.45442707397156 28.305552118283796
876 -1.1280381842502925e-13 -0.1 71.49720434085307 27.1261541133553
877 -1.1312219991172848e-13 -0.1 73.53998160773457 25.94675610842681
878 -1.1227324504216896e-13 -0.1 75.5827588746161 24.767358103498317
879 -1.1339706774130571e-13 -0.1 77.62553614149762 23.58796009856983
880 -1.1276300607714304e-13 -0.1 79.66831340837913 22.408562093641336
881 -1.1308416602159057e-13 -0.1 81.71109067526065 21.22916408871285
882 -1.1275342871719872e-13 -0.1 83.75386794214216 20.049766083784352
883 -1.124016311068632e-13 -0.1 85.79664520902368 18.87036807885586
884 -1.1261493052370467e-13 -0.1 87.8394224759052 17.69097007392737
885 -1.1234306770024325e-13 -0.1 89.88219974278671 16.51157206899888
886 -1.1184622354372672e-13 -0.1 91.92497700966824 15.332174064070388
887 -1.1228943281938304e-13 -0.1 93.96775427654974 14.152776059141898
888 -1.1246343792434192e-13 -0.1 96.01053154343126 12.973378054213406
889 -1.129359898872781e-13 -0.1 98.05330881031279 11.793980049284915
890 -1.1228693070561864e-13 -0.1 100.09608607719429 10.614582044356425
891 -1.128553028838418e-13 -0.1 102.1388633440758 9.435184039427932
892 -1.1286256493189963e-13 -0.1 104.18164061095733 8.255786034499442
893 -1.1339863863259038e-13 -0.1 106.22441787783885 7.076388029570947
894 -1.1273273834057141e-13 -0.1 108.26719514472038 5.896990024642456
895 -1.1322782466002505e-13 -0.1 110.30997241160188 4.7175920197139645
896 -1.1348090658191066e-13 -0.1 112.35274967848339 3.5381940147854736
897 -1.1267119568624259e-13 -0.1 114.39552694536492 2.3587960098569822
898 -1.138406158461367e-13 -0.1 116.43830421224642 1.1793980049284911
899 -1.3036055968036726e-13 -0.1 118.48108147912794 0.0
