idx I Vapp Center(x) Center(y)
0 -6.076442187249318e-14 -0.1 0.0 0.0
1 -6.08529124621974e-14 -0.1 2.042777266881516 -1.1793980049284913
2 -6.018477789151115e-14 -0.1 4.085554533763032 -2.3587960098569827
3 -5.984183055388467e-14 -0.1 6.128331800644549 -3.5381940147854745
4 -6.022368645323832e-14 -0.1 8.171109067526064 -4.717592019713965
5 -6.056927617290169e-14 -0.1 10.213886334407581 -5.896990024642457
6 -6.056927617290169e-14 -0.1 12.256663601289098 -7.076388029570949
7 -5.844189445448041e-14 -0.1 14.299440868170613 -8.25578603449944
8 -6.00261741898509e-14 -0.1 16.34221813505213 -9.43518403942793
9 -6.095869870919281e-14 -0.1 18.384995401933644 -10.614582044356423
10 -6.02458818441679e-14 -0.1 20.427772668815162 -11.793980049284913
11 -5.814917258201696e-14 -0.1 22.470549935696674 -12.973378054213404
12 -6.011016257937496e-14 -0.1 24.513327202578196 -14.152776059141898
13 -6.074759283547972e-14 -0.1 26.55610446945971 -15.332174064070388
14 -6.053529372737549e-14 -0.1 28.598881736341227 -16.51157206899888
15 -5.983911088938137e-14 -0.1 30.641659003222742 -17.69097007392737
16 -6.110003391199128e-14 -0.1 32.68443627010426 -18.87036807885586
17 -6.096553379185887e-14 -0.1 34.72721353698577 -20.049766083784352
18 -5.755317461866665e-14 -0.1 36.76999080386729 -21.229164088712846
19 -6.077692657078789e-14 -0.1 38.8127680707488 -22.408562093641336
20 -5.944972324968086e-14 -0.1 40.855545337630325 -23.587960098569827
21 -5.848609757775884e-14 -0.1 42.89832260451183 -24.767358103498317
22 -6.017467370110822e-14 -0.1 44.94109987139335 -25.946756108426808
23 -6.120555974145181e-14 -0.1 46.98387713827488 -27.126154113355305
24 -5.841548078411158e-14 -0.1 49.02665440515639 -28.305552118283796
25 -6.089691506495995e-14 -0.1 51.0694316720379 -29.484950123212286
26 -5.618025911028718e-14 -0.1 53.11220893891942 -30.664348128140777
27 -5.352832859318683e-14 -0.1 55.15498620580094 -31.843746133069267
28 -6.061400706384458e-14 -0.1 57.19776347268245 -33.02314413799776
29 -5.981528972496751e-14 -0.1 59.24054073956397 -34.20254214292625
30 -6.011607500567325e-14 -0.1 2.042777266881516 1.1793980049284913
31 -6.054775195720983e-14 -0.1 4.085554533763032 0.0
32 -5.840220687200937e-14 -0.1 6.128331800644549 -1.1793980049284913
33 -5.878339819683177e-14 -0.1 8.171109067526064 -2.358796009856983
34 -6.046552927477456e-14 -0.1 10.213886334407581 -3.5381940147854745
35 -5.990600129978378e-14 -0.1 12.256663601289098 -4.717592019713965
36 -5.761879221835404e-14 -0.1 14.299440868170615 -5.896990024642458
37 -6.052157225752504e-14 -0.1 16.34221813505213 -7.076388029570949
38 -6.03178770096575e-14 -0.1 18.384995401933644 -8.25578603449944
39 -5.92355878638104e-14 -0.1 20.427772668815162 -9.43518403942793
40 -6.015296414972117e-14 -0.1 22.470549935696678 -10.614582044356423
41 -6.063696902309444e-14 -0.1 24.513327202578193 -11.793980049284913
42 -5.650772751718777e-14 -0.1 26.55610446945971 -12.973378054213406
43 -6.072650459751496e-14 -0.1 28.59888173634123 -14.152776059141898
44 -5.858534581415396e-14 -0.1 30.641659003222742 -15.332174064070388
45 -5.6086345777581e-14 -0.1 32.68443627010426 -16.51157206899888
46 -5.898999795577995e-14 -0.1 34.72721353698578 -17.69097007392737
47 -6.049613582823684e-14 -0.1 36.76999080386729 -18.87036807885586
48 -5.924277737626314e-14 -0.1 38.8127680707488 -20.049766083784352
49 -5.906432951271057e-14 -0.1 40.85554533763032 -21.229164088712846
50 -5.986768454899132e-14 -0.1 42.89832260451183 -22.408562093641336
51 -6.022166083047659e-14 -0.1 44.94109987139335 -23.587960098569827
52 -5.968754443146313e-14 -0.1 46.98387713827486 -24.767358103498317
53 -6.057746434118054e-14 -0.1 49.02665440515639 -25.94675610842681
54 -6.038119375696651e-14 -0.1 51.0694316720379 -27.126154113355305
55 -5.899412984598004e-14 -0.1 53.112208938919416 -28.305552118283796
56 -5.95123603009227e-14 -0.1 55.15498620580094 -29.484950123212286
57 -5.5113625435752996e-14 -0.1 57.19776347268245 -30.664348128140777
58 -5.927448256433907e-14 -0.1 59.24054073956396 -31.843746133069267
59 -5.902067986186575e-14 -0.1 61.283318006445484 -33.02314413799776
60 -5.959486038424439e-14 -0.1 4.085554533763032 2.3587960098569827
61 -5.806509096437386e-14 -0.1 6.128331800644549 1.1793980049284913
62 -5.425123024856965e-14 -0.1 8.171109067526064 0.0
63 -6.121474586738495e-14 -0.1 10.213886334407581 -1.1793980049284916
64 -5.764713599074017e-14 -0.1 12.256663601289098 -2.3587960098569827
65 -6.024181418771645e-14 -0.1 14.299440868170613 -3.538194014785474
66 -5.927217334032202e-14 -0.1 16.34221813505213 -4.717592019713966
67 -6.03307965227412e-14 -0.1 18.384995401933644 -5.896990024642458
68 -5.734171631173451e-14 -0.1 20.427772668815162 -7.076388029570949
69 -6.039582516895548e-14 -0.1 22.470549935696678 -8.25578603449944
70 -6.083201437156437e-14 -0.1 24.513327202578196 -9.43518403942793
71 -6.076697438894979e-14 -0.1 26.556104469459708 -10.614582044356423
72 -6.028043724172425e-14 -0.1 28.59888173634123 -11.793980049284915
73 -5.6831093630957244e-14 -0.1 30.641659003222745 -12.973378054213406
74 -5.637946979912065e-14 -0.1 32.68443627010426 -14.152776059141898
75 -6.016962158242763e-14 -0.1 34.72721353698578 -15.332174064070388
76 -6.035191610114386e-14 -0.1 36.76999080386729 -16.51157206899888
77 -6.063006995677103e-14 -0.1 38.8127680707488 -17.69097007392737
78 -6.044781056600237e-14 -0.1 40.855545337630325 -18.87036807885586
79 -6.024186825810654e-14 -0.1 42.89832260451183 -20.049766083784352
80 -5.839455415007923e-14 -0.1 44.941099871393355 -21.229164088712846
81 -6.002201782000385e-14 -0.1 46.98387713827487 -22.408562093641336
82 -6.071649985158431e-14 -0.1 49.026654405156386 -23.587960098569827
83 -5.6033233337212106e-14 -0.1 51.06943167203791 -24.76735810349832
84 -5.882088441852617e-14 -0.1 53.11220893891942 -25.94675610842681
85 -6.025663535225144e-14 -0.1 55.15498620580094 -27.126154113355305
86 -5.997553783219729e-14 -0.1 57.19776347268246 -28.305552118283796
87 -6.029776138872075e-14 -0.1 59.24054073956397 -29.484950123212286
88 -5.5778935559957274e-14 -0.1 61.283318006445484 -30.664348128140777
89 -5.900245305284349e-14 -0.1 63.326095273327006 -31.843746133069267
90 -5.941796116426007e-14 -0.1 6.128331800644549 3.5381940147854745
91 -5.97451785406351e-14 -0.1 8.171109067526064 2.358796009856983
92 -6.072911786826263e-14 -0.1 10.213886334407581 1.1793980049284916
93 -5.935853765150285e-14 -0.1 12.256663601289098 0.0
94 -5.925237663640484e-14 -0.1 14.299440868170615 -1.1793980049284911
95 -6.123211122100741e-14 -0.1 16.34221813505213 -2.3587960098569822
96 -5.687301888652435e-14 -0.1 18.384995401933647 -3.5381940147854745
97 -6.068507755885936e-14 -0.1 20.427772668815162 -4.717592019713965
98 -6.007718247627786e-14 -0.1 22.470549935696678 -5.896990024642457
99 -6.020598981109935e-14 -0.1 24.513327202578196 -7.076388029570948
100 -5.928504092760927e-14 -0.1 26.556104469459708 -8.255786034499438
101 -5.877310215793731e-14 -0.1 28.59888173634122 -9.435184039427929
102 -6.040347984165545e-14 -0.1 30.641659003222742 -10.614582044356425
103 -5.843535717057134e-14 -0.1 32.684436270104264 -11.793980049284915
104 -6.080515066983125e-14 -0.1 34.72721353698578 -12.973378054213406
105 -5.999467106972171e-14 -0.1 36.76999080386729 -14.152776059141898
106 -6.09555117067434e-14 -0.1 38.81276807074881 -15.332174064070388
107 -5.868202553144815e-14 -0.1 40.855545337630325 -16.51157206899888
108 -6.089681592991253e-14 -0.1 42.89832260451183 -17.69097007392737
109 -5.568257997798235e-14 -0.1 44.94109987139335 -18.87036807885586
110 -5.824413024642687e-14 -0.1 46.98387713827487 -20.049766083784352
111 -6.111387701945953e-14 -0.1 49.026654405156386 -21.229164088712846
112 -5.79559482604608e-14 -0.1 51.069431672037894 -22.408562093641336
113 -5.992294867295182e-14 -0.1 53.11220893891942 -23.58796009856983
114 -5.982660256009094e-14 -0.1 55.15498620580094 -24.76735810349832
115 -6.007231909511489e-14 -0.1 57.19776347268245 -25.94675610842681
116 -5.743386393573314e-14 -0.1 59.24054073956397 -27.126154113355305
117 -6.027016065053853e-14 -0.1 61.283318006445484 -28.305552118283796
118 -5.959237060180284e-14 -0.1 63.326095273327 -29.484950123212286
119 -5.99535302340743e-14 -0.1 65.36887254020851 -30.664348128140777
120 -6.056456631631391e-14 -0.1 8.171109067526064 4.717592019713965
121 -6.015577237374005e-14 -0.1 10.213886334407581 3.5381940147854745
122 -5.721519636981861e-14 -0.1 12.256663601289098 2.3587960098569827
123 -5.980750709702863e-14 -0.1 14.299440868170615 1.1793980049284911
124 -6.044699379473073e-14 -0.1 16.34221813505213 0.0
125 -5.76523904025102e-14 -0.1 18.384995401933644 -1.1793980049284911
126 -6.044454877797381e-14 -0.1 20.427772668815162 -2.358796009856983
127 -5.900087453254623e-14 -0.1 22.470549935696678 -3.5381940147854745
128 -6.015170401204619e-14 -0.1 24.513327202578196 -4.717592019713965
129 -6.074965965979195e-14 -0.1 26.556104469459708 -5.896990024642457
130 -5.806548189701304e-14 -0.1 28.598881736341227 -7.076388029570948
131 -6.01036001264309e-14 -0.1 30.64165900322274 -8.255786034499438
132 -5.97850177553701e-14 -0.1 32.68443627010426 -9.435184039427932
133 -6.057272424962693e-14 -0.1 34.72721353698578 -10.614582044356425
134 -6.071472516656028e-14 -0.1 36.76999080386729 -11.793980049284915
135 -5.783636574485318e-14 -0.1 38.81276807074881 -12.973378054213406
136 -6.104599212290659e-14 -0.1 40.855545337630325 -14.152776059141898
137 -6.004807648873863e-14 -0.1 42.89832260451183 -15.332174064070388
138 -6.031771698040397e-14 -0.1 44.941099871393355 -16.51157206899888
139 -5.907864259792331e-14 -0.1 46.98387713827487 -17.69097007392737
140 -6.07390280900322e-14 -0.1 49.02665440515639 -18.87036807885586
141 -5.6219411102231695e-14 -0.1 51.0694316720379 -20.049766083784352
142 -5.865831397190941e-14 -0.1 53.112208938919416 -21.229164088712846
143 -6.025333449533276e-14 -0.1 55.154986205800945 -22.40856209364134
144 -5.77514819930869e-14 -0.1 57.19776347268246 -23.58796009856983
145 -5.882947303824097e-14 -0.1 59.24054073956397 -24.76735810349832
146 -6.048555295101136e-14 -0.1 61.28331800644549 -25.94675610842681
147 -5.853213789066521e-14 -0.1 63.326095273327006 -27.126154113355305
148 -5.949552421378783e-14 -0.1 65.36887254020851 -28.305552118283796
149 -5.952632925198498e-14 -0.1 67.41164980709004 -29.484950123212286
150 -6.016518349312001e-14 -0.1 10.213886334407581 5.896990024642457
151 -5.7335940033211e-14 -0.1 12.256663601289098 4.717592019713965
152 -5.697907928390206e-14 -0.1 14.299440868170613 3.538194014785474
153 -6.054785656202916e-14 -0.1 16.34221813505213 2.3587960098569822
154 -5.834139982328025e-14 -0.1 18.384995401933644 1.1793980049284911
155 -5.6395349307214076e-14 -0.1 20.427772668815162 0.0
156 -6.09502693454868e-14 -0.1 22.470549935696678 -1.1793980049284922
157 -6.108170905633453e-14 -0.1 24.513327202578196 -2.358796009856983
158 -5.934876223370648e-14 -0.1 26.556104469459708 -3.5381940147854745
159 -6.149154932967141e-14 -0.1 28.598881736341227 -4.717592019713965
160 -5.724782590730923e-14 -0.1 30.641659003222742 -5.896990024642457
161 -6.009294710561813e-14 -0.1 32.68443627010426 -7.076388029570948
162 -6.074303325868638e-14 -0.1 34.72721353698578 -8.25578603449944
163 -6.117103526275548e-14 -0.1 36.769990803867294 -9.435184039427932
164 -6.108971761508669e-14 -0.1 38.8127680707488 -10.614582044356425
165 -5.89729335070352e-14 -0.1 40.855545337630325 -11.793980049284915
166 -5.654270063667006e-14 -0.1 42.89832260451184 -12.973378054213406
167 -5.989749612470356e-14 -0.1 44.94109987139335 -14.152776059141898
168 -6.006022620939484e-14 -0.1 46.98387713827487 -15.332174064070388
169 -5.989443413785422e-14 -0.1 49.026654405156386 -16.51157206899888
170 -6.109012205448151e-14 -0.1 51.0694316720379 -17.69097007392737
171 -5.975047071588273e-14 -0.1 53.112208938919416 -18.87036807885586
172 -5.432271773918984e-14 -0.1 55.15498620580093 -20.049766083784352
173 -6.054136675970586e-14 -0.1 57.19776347268246 -21.22916408871285
174 -5.977347916415349e-14 -0.1 59.24054073956397 -22.40856209364134
175 -5.915725124904408e-14 -0.1 61.283318006445484 -23.58796009856983
176 -5.974525686226129e-14 -0.1 63.326095273327006 -24.76735810349832
177 -6.068121218764522e-14 -0.1 65.36887254020851 -25.94675610842681
178 -6.081740611516604e-14 -0.1 67.41164980709003 -27.126154113355305
179 -5.525973868462277e-14 -0.1 69.45442707397156 -28.305552118283796
180 -6.006340568485198e-14 -0.1 12.256663601289098 7.076388029570949
181 -6.089856851419856e-14 -0.1 14.299440868170615 5.896990024642458
182 -5.93333784105669e-14 -0.1 16.34221813505213 4.717592019713966
183 -6.038686298956078e-14 -0.1 18.384995401933647 3.5381940147854745
184 -5.893858072649899e-14 -0.1 20.427772668815162 2.358796009856983
185 -5.988680229307312e-14 -0.1 22.470549935696678 1.1793980049284922
186 -5.698687070121797e-14 -0.1 24.513327202578196 0.0
187 -5.724917264438937e-14 -0.1 26.556104469459708 -1.1793980049284911
188 -5.80542178867054e-14 -0.1 28.59888173634123 -2.3587960098569822
189 -6.030848785006104e-14 -0.1 30.641659003222742 -3.5381940147854736
190 -6.004669000122677e-14 -0.1 32.68443627010426 -4.7175920197139645
191 -5.835138773105562e-14 -0.1 34.72721353698577 -5.896990024642456
192 -6.081640955732405e-14 -0.1 36.769990803867294 -7.076388029570949
193 -5.893278482435567e-14 -0.1 38.81276807074881 -8.25578603449944
194 -5.982561226162033e-14 -0.1 40.855545337630325 -9.43518403942793
195 -5.835524150022441e-14 -0.1 42.89832260451184 -10.614582044356423
196 -6.025781031824004e-14 -0.1 44.941099871393355 -11.793980049284913
197 -6.123680874827552e-14 -0.1 46.98387713827487 -12.973378054213404
198 -5.988903166278217e-14 -0.1 49.02665440515639 -14.152776059141896
199 -6.024888575738056e-14 -0.1 51.069431672037894 -15.332174064070387
200 -5.957345313133018e-14 -0.1 53.112208938919416 -16.511572068998877
201 -5.94458583387899e-14 -0.1 55.15498620580094 -17.690970073927367
202 -6.013964182024498e-14 -0.1 57.19776347268244 -18.870368078855858
203 -6.072198189680437e-14 -0.1 59.240540739563976 -20.049766083784352
204 -6.000630198441121e-14 -0.1 61.283318006445484 -21.22916408871285
205 -6.00794437709041e-14 -0.1 63.326095273327006 -22.408562093641336
206 -5.980805720424659e-14 -0.1 65.36887254020853 -23.58796009856983
207 -5.775965656603675e-14 -0.1 67.41164980709003 -24.767358103498317
208 -5.433397910236697e-14 -0.1 69.45442707397156 -25.94675610842681
209 -6.060637717974055e-14 -0.1 71.49720434085307 -27.1261541133553
210 -6.062067422571188e-14 -0.1 14.299440868170613 8.25578603449944
211 -5.994667079145915e-14 -0.1 16.34221813505213 7.076388029570949
212 -6.032647001756204e-14 -0.1 18.384995401933644 5.896990024642458
213 -5.939654714676895e-14 -0.1 20.427772668815162 4.717592019713965
214 -5.938892833706209e-14 -0.1 22.470549935696678 3.5381940147854745
215 -5.979459054147739e-14 -0.1 24.513327202578196 2.358796009856983
216 -6.003232770358228e-14 -0.1 26.556104469459708 1.1793980049284911
217 -6.042608990013638e-14 -0.1 28.598881736341227 0.0
218 -5.715396190485365e-14 -0.1 30.641659003222742 -1.1793980049284911
219 -5.904175774189601e-14 -0.1 32.68443627010426 -2.3587960098569822
220 -5.924491338294707e-14 -0.1 34.72721353698578 -3.5381940147854736
221 -5.98070611919804e-14 -0.1 36.76999080386729 -4.7175920197139645
222 -6.07259135784249e-14 -0.1 38.81276807074881 -5.896990024642458
223 -6.04054104310948e-14 -0.1 40.855545337630325 -7.076388029570949
224 -6.020194013248764e-14 -0.1 42.89832260451183 -8.25578603449944
225 -5.994676320635187e-14 -0.1 44.941099871393355 -9.43518403942793
226 -5.978612497281691e-14 -0.1 46.98387713827487 -10.614582044356423
227 -6.02118346934282e-14 -0.1 49.026654405156386 -11.793980049284913
228 -5.945258410633662e-14 -0.1 51.0694316720379 -12.973378054213404
229 -5.883825353367519e-14 -0.1 53.112208938919416 -14.152776059141896
230 -6.049080274087636e-14 -0.1 55.15498620580094 -15.332174064070387
231 -5.906655580196693e-14 -0.1 57.19776347268245 -16.511572068998877
232 -5.824283676918397e-14 -0.1 59.24054073956396 -17.690970073927367
233 -5.982702748737542e-14 -0.1 61.28331800644549 -18.870368078855865
234 -5.959433500560354e-14 -0.1 63.326095273327006 -20.049766083784352
235 -5.957753543827637e-14 -0.1 65.36887254020851 -21.22916408871285
236 -6.005851747920722e-14 -0.1 67.41164980709004 -22.408562093641336
237 -5.439404416252433e-14 -0.1 69.45442707397156 -23.58796009856983
238 -6.046167801961038e-14 -0.1 71.49720434085306 -24.767358103498317
239 -5.948943550969471e-14 -0.1 73.53998160773457 -25.94675610842681
240 -6.121968491459675e-14 -0.1 16.34221813505213 9.43518403942793
241 -5.994177822843485e-14 -0.1 18.384995401933644 8.25578603449944
242 -6.077744741912398e-14 -0.1 20.427772668815162 7.076388029570949
243 -6.029551582934465e-14 -0.1 22.470549935696678 5.896990024642457
244 -6.004152050766805e-14 -0.1 24.513327202578196 4.717592019713965
245 -6.07971702711255e-14 -0.1 26.556104469459708 3.5381940147854745
246 -6.06337123560402e-14 -0.1 28.59888173634123 2.3587960098569822
247 -5.911005840831725e-14 -0.1 30.641659003222742 1.1793980049284911
248 -6.118138994985345e-14 -0.1 32.68443627010426 0.0
249 -6.114526994637613e-14 -0.1 34.72721353698578 -1.1793980049284911
250 -5.9218598304455e-14 -0.1 36.76999080386729 -2.3587960098569822
251 -6.06455283568524e-14 -0.1 38.8127680707488 -3.5381940147854736
252 -5.71295487884589e-14 -0.1 40.855545337630325 -4.717592019713966
253 -6.137919890040746e-14 -0.1 42.89832260451184 -5.896990024642458
254 -5.889048649208492e-14 -0.1 44.941099871393355 -7.076388029570949
255 -6.028589619945877e-14 -0.1 46.98387713827487 -8.25578603449944
256 -6.05473543051512e-14 -0.1 49.02665440515639 -9.43518403942793
257 -6.145732243456749e-14 -0.1 51.0694316720379 -10.614582044356423
258 -6.026348523023804e-14 -0.1 53.112208938919416 -11.793980049284913
259 -5.934679330950253e-14 -0.1 55.15498620580093 -12.973378054213404
260 -5.66909598961052e-14 -0.1 57.19776347268245 -14.152776059141896
261 -6.052836360149591e-14 -0.1 59.24054073956396 -15.332174064070387
262 -5.901781681239252e-14 -0.1 61.28331800644548 -16.511572068998877
263 -6.05205858129741e-14 -0.1 63.326095273327006 -17.69097007392737
264 -6.037421489593759e-14 -0.1 65.36887254020851 -18.870368078855865
265 -5.962041056520962e-14 -0.1 67.41164980709003 -20.049766083784352
266 -5.92958712291277e-14 -0.1 69.45442707397156 -21.22916408871285
267 -6.136573381962629e-14 -0.1 71.49720434085307 -22.408562093641336
268 -6.072657216635873e-14 -0.1 73.53998160773457 -23.58796009856983
269 -6.090784896467528e-14 -0.1 75.5827588746161 -24.767358103498317
270 -6.025115191734034e-14 -0.1 18.384995401933644 10.614582044356423
271 -6.040024745982188e-14 -0.1 20.427772668815162 9.43518403942793
272 -5.814627215961314e-14 -0.1 22.470549935696678 8.25578603449944
273 -5.5615405603698553e-14 -0.1 24.513327202578196 7.076388029570948
274 -5.98328449689042e-14 -0.1 26.556104469459708 5.896990024642457
275 -5.933195284289808e-14 -0.1 28.598881736341227 4.717592019713965
276 -5.798356478839445e-14 -0.1 30.641659003222742 3.5381940147854736
277 -5.822431628145561e-14 -0.1 32.68443627010426 2.3587960098569822
278 -5.788301387625465e-14 -0.1 34.72721353698578 1.1793980049284911
279 -5.965663645652772e-14 -0.1 36.76999080386729 0.0
280 -5.585643970505298e-14 -0.1 38.8127680707488 -1.1793980049284911
281 -5.808152901403975e-14 -0.1 40.855545337630325 -2.3587960098569822
282 -5.814122570863499e-14 -0.1 42.89832260451184 -3.5381940147854753
283 -6.133850077833996e-14 -0.1 44.941099871393355 -4.717592019713966
284 -5.6721780026350174e-14 -0.1 46.98387713827487 -5.896990024642458
285 -6.099911926852852e-14 -0.1 49.02665440515639 -7.076388029570949
286 -5.981920352504734e-14 -0.1 51.0694316720379 -8.25578603449944
287 -5.848116362428475e-14 -0.1 53.112208938919416 -9.43518403942793
288 -5.952600392887885e-14 -0.1 55.15498620580094 -10.614582044356423
289 -6.093994175931584e-14 -0.1 57.19776347268244 -11.793980049284913
290 -6.002741098257229e-14 -0.1 59.24054073956396 -12.973378054213404
291 -6.064262889781548e-14 -0.1 61.283318006445484 -14.152776059141896
292 -6.024460839644385e-14 -0.1 63.32609527332699 -15.332174064070387
293 -5.907108870561496e-14 -0.1 65.36887254020853 -16.51157206899888
294 -6.032857143858666e-14 -0.1 67.41164980709003 -17.69097007392737
295 -5.883558270099883e-14 -0.1 69.45442707397156 -18.870368078855865
296 -6.009940323240182e-14 -0.1 71.49720434085307 -20.049766083784352
297 -6.015341292403926e-14 -0.1 73.53998160773457 -21.22916408871285
298 -6.067229930498389e-14 -0.1 75.5827588746161 -22.408562093641336
299 -6.072599956795067e-14 -0.1 77.62553614149762 -23.58796009856983
300 -6.049862253415419e-14 -0.1 20.427772668815162 11.793980049284913
301 -6.086657741544399e-14 -0.1 22.470549935696678 10.614582044356423
302 -6.040168348448691e-14 -0.1 24.513327202578196 9.43518403942793
303 -6.020968388340021e-14 -0.1 26.556104469459708 8.255786034499438
304 -6.088667060590365e-14 -0.1 28.598881736341227 7.076388029570948
305 -6.032521600866954e-14 -0.1 30.641659003222742 5.896990024642457
306 -6.05272377996552e-14 -0.1 32.68443627010426 4.7175920197139645
307 -6.08262159432967e-14 -0.1 34.72721353698578 3.5381940147854736
308 -5.92761925095184e-14 -0.1 36.76999080386729 2.3587960098569822
309 -6.127197722698987e-14 -0.1 38.8127680707488 1.1793980049284911
310 -6.09784996623728e-14 -0.1 40.855545337630325 0.0
311 -5.846438149795968e-14 -0.1 42.89832260451183 -1.1793980049284911
312 -6.036436426100911e-14 -0.1 44.941099871393355 -2.3587960098569845
313 -6.018237073968855e-14 -0.1 46.98387713827487 -3.5381940147854753
314 -6.12386100285606e-14 -0.1 49.02665440515639 -4.717592019713966
315 -5.939368968926209e-14 -0.1 51.0694316720379 -5.896990024642458
316 -5.975469597371615e-14 -0.1 53.112208938919416 -7.076388029570949
317 -6.04360248487823e-14 -0.1 55.15498620580094 -8.25578603449944
318 -6.121811461018772e-14 -0.1 57.19776347268245 -9.43518403942793
319 -5.6536139205389755e-14 -0.1 59.24054073956396 -10.614582044356423
320 -6.10318569367051e-14 -0.1 61.283318006445484 -11.793980049284913
321 -6.07305569834056e-14 -0.1 63.326095273327 -12.973378054213404
322 -6.011940995888402e-14 -0.1 65.36887254020851 -14.152776059141896
323 -6.029785957469638e-14 -0.1 67.41164980709004 -15.33217406407039
324 -6.05663295634553e-14 -0.1 69.45442707397156 -16.51157206899888
325 -6.010715129167595e-14 -0.1 71.49720434085306 -17.69097007392737
326 -5.881972612066861e-14 -0.1 73.53998160773459 -18.870368078855865
327 -5.95712629985643e-14 -0.1 75.5827588746161 -20.049766083784352
328 -6.095102432799827e-14 -0.1 77.6255361414976 -21.22916408871285
329 -6.048362561102026e-14 -0.1 79.66831340837913 -22.408562093641336
330 -6.102131286128979e-14 -0.1 22.470549935696674 12.973378054213404
331 -6.052660587509761e-14 -0.1 24.513327202578193 11.793980049284913
332 -5.972918571215601e-14 -0.1 26.556104469459708 10.614582044356423
333 -6.073990418358152e-14 -0.1 28.59888173634122 9.435184039427929
334 -5.968907173216125e-14 -0.1 30.64165900322274 8.255786034499438
335 -5.4539015522340135e-14 -0.1 32.68443627010426 7.076388029570948
336 -6.056304933106688e-14 -0.1 34.72721353698577 5.896990024642456
337 -6.06587515263734e-14 -0.1 36.76999080386729 4.7175920197139645
338 -5.974277142848986e-14 -0.1 38.8127680707488 3.5381940147854736
339 -6.057004396244148e-14 -0.1 40.855545337630325 2.3587960098569822
340 -6.110583488472129e-14 -0.1 42.89832260451183 1.1793980049284911
341 -6.052485696552023e-14 -0.1 44.94109987139335 0.0
342 -6.073902222018705e-14 -0.1 46.98387713827487 -1.1793980049284931
343 -6.039862963185023e-14 -0.1 49.02665440515639 -2.3587960098569845
344 -6.116507626485086e-14 -0.1 51.069431672037894 -3.5381940147854753
345 -6.021265744052502e-14 -0.1 53.112208938919416 -4.717592019713966
346 -5.6555256084380977e-14 -0.1 55.15498620580094 -5.896990024642458
347 -5.513270869291453e-14 -0.1 57.19776347268244 -7.076388029570949
348 -5.835121658415561e-14 -0.1 59.24054073956396 -8.25578603449944
349 -6.018165331014334e-14 -0.1 61.28331800644548 -9.43518403942793
350 -6.037747778396027e-14 -0.1 63.326095273327 -10.614582044356423
351 -6.074875390498966e-14 -0.1 65.36887254020851 -11.793980049284913
352 -6.115764608314962e-14 -0.1 67.41164980709003 -12.973378054213404
353 -5.916283759143378e-14 -0.1 69.45442707397156 -14.1527760591419
354 -6.109707196123056e-14 -0.1 71.49720434085306 -15.33217406407039
355 -5.816923637395495e-14 -0.1 73.53998160773457 -16.51157206899888
356 -6.049604708355787e-14 -0.1 75.5827588746161 -17.69097007392737
357 -6.037549143765938e-14 -0.1 77.6255361414976 -18.870368078855865
358 -5.94772168362976e-14 -0.1 79.66831340837912 -20.049766083784352
359 -5.982120675330532e-14 -0.1 81.71109067526065 -21.22916408871285
360 -5.953676296808861e-14 -0.1 24.513327202578196 14.152776059141898
361 -6.015445932038562e-14 -0.1 26.55610446945971 12.973378054213406
362 -5.728767045010099e-14 -0.1 28.59888173634123 11.793980049284915
363 -6.094234660113194e-14 -0.1 30.641659003222742 10.614582044356425
364 -5.943065355197635e-14 -0.1 32.68443627010426 9.435184039427932
365 -6.005055896303764e-14 -0.1 34.72721353698578 8.25578603449944
366 -5.957687340964107e-14 -0.1 36.769990803867294 7.076388029570949
367 -5.852083879020179e-14 -0.1 38.81276807074881 5.896990024642458
368 -5.94910478391304e-14 -0.1 40.855545337630325 4.717592019713966
369 -5.696633960973597e-14 -0.1 42.89832260451184 3.5381940147854753
370 -6.080512966110356e-14 -0.1 44.941099871393355 2.3587960098569845
371 -6.11352602325707e-14 -0.1 46.98387713827487 1.1793980049284931
372 -5.605107609434591e-14 -0.1 49.02665440515639 0.0
373 -5.696300226486894e-14 -0.1 51.06943167203791 -1.1793980049284911
374 -5.965018632686069e-14 -0.1 53.112208938919416 -2.3587960098569822
375 -6.070133524137339e-14 -0.1 55.15498620580094 -3.5381940147854736
376 -5.584748867203649e-14 -0.1 57.19776347268246 -4.7175920197139645
377 -6.041382079148741e-14 -0.1 59.24054073956396 -5.896990024642456
378 -5.6679103887415755e-14 -0.1 61.283318006445484 -7.076388029570947
379 -6.025300678493384e-14 -0.1 63.326095273327 -8.255786034499438
380 -6.087981370841347e-14 -0.1 65.36887254020851 -9.435184039427929
381 -6.131379928794309e-14 -0.1 67.41164980709003 -10.61458204435642
382 -6.050747194695088e-14 -0.1 69.45442707397154 -11.793980049284912
383 -5.429137754647345e-14 -0.1 71.49720434085307 -12.973378054213406
384 -6.091727732827939e-14 -0.1 73.53998160773459 -14.152776059141898
385 -5.943476718436502e-14 -0.1 75.5827588746161 -15.332174064070388
386 -6.030901828432405e-14 -0.1 77.62553614149762 -16.51157206899888
387 -6.062521776433285e-14 -0.1 79.66831340837913 -17.69097007392737
388 -6.075132050575747e-14 -0.1 81.71109067526065 -18.87036807885586
389 -5.945757399191892e-14 -0.1 83.75386794214216 -20.049766083784352
390 -5.700911499482665e-14 -0.1 26.55610446945971 15.332174064070388
391 -6.071902502566935e-14 -0.1 28.59888173634123 14.152776059141898
392 -5.866094456405094e-14 -0.1 30.641659003222745 12.973378054213406
393 -5.798844436522722e-14 -0.1 32.684436270104264 11.793980049284915
394 -5.747079066995036e-14 -0.1 34.72721353698578 10.614582044356425
395 -5.989462676867385e-14 -0.1 36.769990803867294 9.435184039427932
396 -6.034388919141195e-14 -0.1 38.81276807074881 8.25578603449944
397 -5.926229721090237e-14 -0.1 40.855545337630325 7.076388029570949
398 -5.992576758917242e-14 -0.1 42.89832260451184 5.896990024642458
399 -5.98596469220302e-14 -0.1 44.941099871393355 4.717592019713966
400 -5.947122832803826e-14 -0.1 46.98387713827487 3.5381940147854753
401 -5.996389714995127e-14 -0.1 49.02665440515639 2.3587960098569845
402 -6.10551988755441e-14 -0.1 51.06943167203791 1.1793980049284911
403 -6.07732039131365e-14 -0.1 53.11220893891942 0.0
404 -5.826474368194627e-14 -0.1 55.15498620580094 -1.1793980049284911
405 -6.033975405144647e-14 -0.1 57.19776347268246 -2.3587960098569822
406 -5.718182770862653e-14 -0.1 59.24054073956397 -3.5381940147854736
407 -6.070399494466411e-14 -0.1 61.283318006445484 -4.7175920197139645
408 -5.923803486176134e-14 -0.1 63.326095273327006 -5.896990024642456
409 -6.063114145949265e-14 -0.1 65.36887254020851 -7.076388029570947
410 -6.013740756667147e-14 -0.1 67.41164980709003 -8.255786034499438
411 -6.076468680324128e-14 -0.1 69.45442707397156 -9.435184039427929
412 -5.927437988516359e-14 -0.1 71.49720434085306 -10.61458204435642
413 -5.989061998757714e-14 -0.1 73.53998160773459 -11.793980049284915
414 -6.073748368493587e-14 -0.1 75.5827588746161 -12.973378054213406
415 -5.98501580243658e-14 -0.1 77.62553614149762 -14.152776059141898
416 -6.029516105430329e-14 -0.1 79.66831340837913 -15.332174064070388
417 -6.021148718417314e-14 -0.1 81.71109067526065 -16.51157206899888
418 -6.10843050202694e-14 -0.1 83.75386794214216 -17.69097007392737
419 -5.97364756970266e-14 -0.1 85.79664520902368 -18.87036807885586
420 -6.05296712189913e-14 -0.1 28.598881736341227 16.51157206899888
421 -5.996751907138803e-14 -0.1 30.641659003222742 15.332174064070388
422 -6.095344406546634e-14 -0.1 32.68443627010426 14.152776059141898
423 -6.082745890986864e-14 -0.1 34.72721353698578 12.973378054213406
424 -6.045635084006505e-14 -0.1 36.76999080386729 11.793980049284915
425 -5.815848908966087e-14 -0.1 38.8127680707488 10.614582044356425
426 -5.944011963610165e-14 -0.1 40.855545337630325 9.43518403942793
427 -6.106259343454013e-14 -0.1 42.89832260451183 8.25578603449944
428 -5.986393626186915e-14 -0.1 44.941099871393355 7.076388029570949
429 -6.059432308171688e-14 -0.1 46.98387713827487 5.896990024642458
430 -5.980964663299127e-14 -0.1 49.02665440515639 4.717592019713966
431 -5.4382204763131095e-14 -0.1 51.069431672037894 3.5381940147854753
432 -5.949533006540049e-14 -0.1 53.112208938919416 2.3587960098569822
433 -6.067672381519956e-14 -0.1 55.15498620580094 1.1793980049284911
434 -5.413522075752456e-14 -0.1 57.19776347268245 0.0
435 -6.074636865569683e-14 -0.1 59.24054073956396 -1.1793980049284911
436 -6.019816510022525e-14 -0.1 61.283318006445484 -2.3587960098569822
437 -6.016857678234398e-14 -0.1 63.326095273327 -3.5381940147854736
438 -5.5678335051561664e-14 -0.1 65.36887254020851 -4.7175920197139645
439 -6.053413733722542e-14 -0.1 67.41164980709003 -5.896990024642456
440 -5.684096462917816e-14 -0.1 69.45442707397156 -7.076388029570947
441 -6.070849930187468e-14 -0.1 71.49720434085306 -8.255786034499438
442 -6.027279250518182e-14 -0.1 73.53998160773457 -9.435184039427929
443 -5.997999620468342e-14 -0.1 75.5827588746161 -10.614582044356425
444 -6.01029990638242e-14 -0.1 77.62553614149762 -11.793980049284915
445 -6.10555794026075e-14 -0.1 79.66831340837912 -12.973378054213406
446 -6.015739920520255e-14 -0.1 81.71109067526065 -14.152776059141898
447 -6.081528984566001e-14 -0.1 83.75386794214216 -15.332174064070388
448 -6.059014867313366e-14 -0.1 85.79664520902367 -16.51157206899888
449 -6.10464925649491e-14 -0.1 87.8394224759052 -17.69097007392737
450 -6.096085068403011e-14 -0.1 30.641659003222742 17.69097007392737
451 -6.129524314315062e-14 -0.1 32.68443627010426 16.51157206899888
452 -5.66142182063587e-14 -0.1 34.72721353698578 15.332174064070388
453 -6.175287322606851e-14 -0.1 36.76999080386729 14.152776059141898
454 -5.933033059803279e-14 -0.1 38.81276807074881 12.973378054213406
455 -5.805522565163561e-14 -0.1 40.855545337630325 11.793980049284915
456 -5.902548830009936e-14 -0.1 42.89832260451184 10.614582044356423
457 -5.956120919209342e-14 -0.1 44.941099871393355 9.43518403942793
458 -5.995024640118094e-14 -0.1 46.98387713827487 8.25578603449944
459 -5.806123439197545e-14 -0.1 49.02665440515639 7.076388029570949
460 -6.061052029124187e-14 -0.1 51.0694316720379 5.896990024642458
461 -5.965464184887294e-14 -0.1 53.112208938919416 4.717592019713966
462 -6.026967448117711e-14 -0.1 55.15498620580094 3.5381940147854736
463 -5.933817673042823e-14 -0.1 57.19776347268246 2.3587960098569822
464 -6.09270427543328e-14 -0.1 59.24054073956396 1.1793980049284911
465 -6.022819576004954e-14 -0.1 61.283318006445484 0.0
466 -5.999627098132705e-14 -0.1 63.326095273327006 -1.1793980049284911
467 -5.747145461561608e-14 -0.1 65.36887254020851 -2.3587960098569822
468 -5.747145461561608e-14 -0.1 67.41164980709003 -3.5381940147854736
469 -5.933640656861717e-14 -0.1 69.45442707397154 -4.7175920197139645
470 -5.808617207151839e-14 -0.1 71.49720434085306 -5.896990024642456
471 -6.023157522022186e-14 -0.1 73.53998160773457 -7.076388029570947
472 -6.08009916740676e-14 -0.1 75.5827588746161 -8.255786034499438
473 -6.01181293425747e-14 -0.1 77.62553614149762 -9.435184039427932
474 -6.089878917291754e-14 -0.1 79.66831340837913 -10.614582044356425
475 -6.07196529537199e-14 -0.1 81.71109067526065 -11.793980049284915
476 -6.085614925509953e-14 -0.1 83.75386794214216 -12.973378054213406
477 -6.079855337936699e-14 -0.1 85.79664520902368 -14.152776059141898
478 -6.005903100223451e-14 -0.1 87.8394224759052 -15.332174064070388
479 -5.923700479753052e-14 -0.1 89.88219974278671 -16.51157206899888
480 -6.073899628204463e-14 -0.1 32.68443627010426 18.87036807885586
481 -6.003766465592408e-14 -0.1 34.72721353698578 17.69097007392737
482 -6.111687015009922e-14 -0.1 36.76999080386729 16.51157206899888
483 -6.069921535179845e-14 -0.1 38.81276807074881 15.332174064070388
484 -5.716291852546473e-14 -0.1 40.855545337630325 14.152776059141898
485 -5.565457897834756e-14 -0.1 42.89832260451184 12.973378054213406
486 -5.99270987999869e-14 -0.1 44.941099871393355 11.793980049284913
487 -5.859631204206818e-14 -0.1 46.98387713827487 10.614582044356423
488 -6.012911478867996e-14 -0.1 49.02665440515639 9.43518403942793
489 -5.964881964059035e-14 -0.1 51.0694316720379 8.25578603449944
490 -6.069340611881679e-14 -0.1 53.112208938919416 7.076388029570949
491 -6.038802702511588e-14 -0.1 55.15498620580094 5.896990024642458
492 -6.084539718691396e-14 -0.1 57.19776347268246 4.7175920197139645
493 -5.859665085497677e-14 -0.1 59.24054073956397 3.5381940147854736
494 -6.048168978727968e-14 -0.1 61.283318006445484 2.3587960098569822
495 -6.097237916197442e-14 -0.1 63.326095273327006 1.1793980049284911
496 -5.759577935886195e-14 -0.1 65.36887254020851 0.0
497 -6.044660635463261e-14 -0.1 67.41164980709003 -1.1793980049284911
498 -5.928156798147989e-14 -0.1 69.45442707397156 -2.3587960098569822
499 -5.731928343716485e-14 -0.1 71.49720434085306 -3.5381940147854736
500 -5.954825641697676e-14 -0.1 73.53998160773457 -4.7175920197139645
501 -6.115010763036452e-14 -0.1 75.5827588746161 -5.896990024642456
502 -5.780453232257077e-14 -0.1 77.6255361414976 -7.076388029570947
503 -6.016679357151838e-14 -0.1 79.66831340837913 -8.255786034499442
504 -5.5066614510801064e-14 -0.1 81.71109067526065 -9.435184039427932
505 -5.633486256689491e-14 -0.1 83.75386794214216 -10.614582044356425
506 -5.480657454101704e-14 -0.1 85.79664520902368 -11.793980049284915
507 -6.063168180806874e-14 -0.1 87.8394224759052 -12.973378054213406
508 -5.971057023441768e-14 -0.1 89.88219974278671 -14.152776059141898
509 -6.079567997828931e-14 -0.1 91.92497700966824 -15.332174064070388
510 -5.771412921275564e-14 -0.1 34.72721353698577 20.049766083784352
511 -6.120285397675373e-14 -0.1 36.76999080386729 18.87036807885586
512 -5.822097430638112e-14 -0.1 38.8127680707488 17.69097007392737
513 -5.915834538850992e-14 -0.1 40.855545337630325 16.51157206899888
514 -6.027469546604231e-14 -0.1 42.89832260451183 15.332174064070388
515 -5.933344497766844e-14 -0.1 44.94109987139335 14.152776059141898
516 -6.087202948940203e-14 -0.1 46.98387713827487 12.973378054213404
517 -5.818396393525368e-14 -0.1 49.026654405156386 11.793980049284913
518 -5.972994525881522e-14 -0.1 51.0694316720379 10.614582044356423
519 -5.99752476632477e-14 -0.1 53.112208938919416 9.43518403942793
520 -5.992490746362236e-14 -0.1 55.15498620580094 8.25578603449944
521 -6.014922471271596e-14 -0.1 57.19776347268244 7.076388029570949
522 -6.052324459547022e-14 -0.1 59.24054073956396 5.896990024642456
523 -5.437412030403023e-14 -0.1 61.283318006445484 4.7175920197139645
524 -6.056065341641825e-14 -0.1 63.326095273327 3.5381940147854736
525 -6.001370857530958e-14 -0.1 65.36887254020851 2.3587960098569822
526 -6.00399606469731e-14 -0.1 67.41164980709003 1.1793980049284911
527 -6.062535870359283e-14 -0.1 69.45442707397154 0.0
528 -6.05011235474901e-14 -0.1 71.49720434085306 -1.1793980049284911
529 -6.037471767514533e-14 -0.1 73.53998160773457 -2.3587960098569822
530 -6.005309665232981e-14 -0.1 75.5827588746161 -3.5381940147854736
531 -5.94905777695705e-14 -0.1 77.6255361414976 -4.7175920197139645
532 -6.015070157470234e-14 -0.1 79.66831340837912 -5.896990024642456
533 -5.419184187623093e-14 -0.1 81.71109067526065 -7.076388029570951
534 -5.96301730280079e-14 -0.1 83.75386794214216 -8.255786034499442
535 -6.104644053346982e-14 -0.1 85.79664520902367 -9.435184039427932
536 -6.019872564330311e-14 -0.1 87.8394224759052 -10.614582044356425
537 -6.112237928872937e-14 -0.1 89.88219974278671 -11.793980049284915
538 -5.9958055352459e-14 -0.1 91.92497700966821 -12.973378054213406
539 -5.976194382615382e-14 -0.1 93.96775427654974 -14.152776059141898
540 -5.980908818788125e-14 -0.1 36.76999080386729 21.229164088712846
541 -5.4424581920214846e-14 -0.1 38.8127680707488 20.049766083784352
542 -5.4432272034408575e-14 -0.1 40.855545337630325 18.87036807885586
543 -5.918478439910923e-14 -0.1 42.89832260451183 17.69097007392737
544 -5.870954327075033e-14 -0.1 44.941099871393355 16.51157206899888
545 -5.703794536047403e-14 -0.1 46.98387713827487 15.332174064070388
546 -5.884027737678047e-14 -0.1 49.02665440515639 14.152776059141896
547 -6.046377343407469e-14 -0.1 51.0694316720379 12.973378054213404
548 -5.5675504126224116e-14 -0.1 53.112208938919416 11.793980049284913
549 -5.455273632745147e-14 -0.1 55.15498620580094 10.614582044356423
550 -5.937039195432706e-14 -0.1 57.19776347268245 9.43518403942793
551 -6.090200090167294e-14 -0.1 59.24054073956396 8.25578603449944
552 -6.077202921410915e-14 -0.1 61.283318006445484 7.076388029570947
553 -5.896691501695323e-14 -0.1 63.326095273327006 5.896990024642456
554 -6.089244139105678e-14 -0.1 65.36887254020851 4.7175920197139645
555 -6.081864664908531e-14 -0.1 67.41164980709003 3.5381940147854736
556 -5.956809950714457e-14 -0.1 69.45442707397156 2.3587960098569822
557 -5.994763260360828e-14 -0.1 71.49720434085306 1.1793980049284911
558 -5.991537230472335e-14 -0.1 73.53998160773457 0.0
559 -6.056215670835718e-14 -0.1 75.5827588746161 -1.1793980049284911
560 -6.016879311704167e-14 -0.1 77.6255361414976 -2.3587960098569822
561 -5.8437764690613e-14 -0.1 79.66831340837912 -3.5381940147854736
562 -5.957554101414713e-14 -0.1 81.71109067526065 -4.7175920197139645
563 -6.092123698160108e-14 -0.1 83.75386794214216 -5.896990024642459
564 -5.999010790112294e-14 -0.1 85.79664520902368 -7.076388029570951
565 -5.811294224974308e-14 -0.1 87.8394224759052 -8.255786034499442
566 -5.905978362265729e-14 -0.1 89.88219974278671 -9.435184039427932
567 -5.680663876665095e-14 -0.1 91.92497700966824 -10.614582044356425
568 -5.986303689540457e-14 -0.1 93.96775427654974 -11.793980049284915
569 -5.603349084223666e-14 -0.1 96.01053154343126 -12.973378054213406
570 -5.4344464380417723e-14 -0.1 38.8127680707488 22.408562093641336
571 -5.92445736332948e-14 -0.1 40.85554533763032 21.229164088712846
572 -6.0687772747294e-14 -0.1 42.89832260451183 20.049766083784352
573 -6.009903235098767e-14 -0.1 44.94109987139335 18.87036807885586
574 -5.725765552763557e-14 -0.1 46.98387713827487 17.69097007392737
575 -5.871692100741463e-14 -0.1 49.026654405156386 16.51157206899888
576 -5.428833398007076e-14 -0.1 51.069431672037894 15.332174064070387
577 -6.090348601328072e-14 -0.1 53.112208938919416 14.152776059141896
578 -5.95529999066541e-14 -0.1 55.15498620580093 12.973378054213404
579 -6.103726850678362e-14 -0.1 57.19776347268244 11.793980049284913
580 -6.068790390572291e-14 -0.1 59.24054073956396 10.614582044356423
581 -5.4525262169499864e-14 -0.1 61.28331800644548 9.43518403942793
582 -6.083485213906113e-14 -0.1 63.326095273327 8.255786034499438
583 -6.12007101522354e-14 -0.1 65.36887254020851 7.076388029570947
584 -5.927986414903555e-14 -0.1 67.41164980709003 5.896990024642456
585 -6.052477670657229e-14 -0.1 69.45442707397154 4.7175920197139645
586 -5.5887638117975705e-14 -0.1 71.49720434085306 3.5381940147854736
587 -6.051617935095531e-14 -0.1 73.53998160773457 2.3587960098569822
588 -6.119800864287413e-14 -0.1 75.5827588746161 1.1793980049284911
589 -5.925442790440366e-14 -0.1 77.6255361414976 0.0
590 -6.004993450611771e-14 -0.1 79.66831340837912 -1.1793980049284911
591 -5.910006499039546e-14 -0.1 81.71109067526065 -2.3587960098569822
592 -5.982674101200075e-14 -0.1 83.75386794214215 -3.5381940147854736
593 -6.005408172412012e-14 -0.1 85.79664520902368 -4.717592019713969
594 -6.094167900216924e-14 -0.1 87.8394224759052 -5.896990024642459
595 -6.069310281988908e-14 -0.1 89.8821997427867 -7.076388029570951
596 -5.86263266634525e-14 -0.1 91.92497700966824 -8.255786034499442
597 -5.708586878429758e-14 -0.1 93.96775427654974 -9.435184039427932
598 -6.080108857538035e-14 -0.1 96.01053154343124 -10.614582044356425
599 -5.923532661665108e-14 -0.1 98.05330881031279 -11.793980049284915
600 -5.82642401392786e-14 -0.1 40.855545337630325 23.587960098569827
601 -6.084714647697933e-14 -0.1 42.89832260451183 22.408562093641336
602 -6.000210090977881e-14 -0.1 44.941099871393355 21.229164088712846
603 -6.03359543945266e-14 -0.1 46.98387713827487 20.049766083784352
604 -5.981058796601214e-14 -0.1 49.02665440515639 18.87036807885586
605 -5.702181137335955e-14 -0.1 51.0694316720379 17.69097007392737
606 -6.05865218654633e-14 -0.1 53.112208938919416 16.511572068998877
607 -5.430665759604012e-14 -0.1 55.15498620580094 15.332174064070387
608 -5.958983549414585e-14 -0.1 57.19776347268245 14.152776059141896
609 -6.01125235902233e-14 -0.1 59.24054073956396 12.973378054213404
610 -5.430471817434198e-14 -0.1 61.283318006445484 11.793980049284913
611 -5.991293762631002e-14 -0.1 63.326095273327 10.614582044356423
612 -5.772112348754954e-14 -0.1 65.36887254020851 9.435184039427929
613 -5.5570072728304405e-14 -0.1 67.41164980709003 8.255786034499438
614 -6.000176749018267e-14 -0.1 69.45442707397156 7.076388029570947
615 -6.03185751600481e-14 -0.1 71.49720434085306 5.896990024642456
616 -5.38227876389718e-14 -0.1 73.53998160773457 4.7175920197139645
617 -5.896261606354108e-14 -0.1 75.5827588746161 3.5381940147854736
618 -6.066200908810646e-14 -0.1 77.6255361414976 2.3587960098569822
619 -6.06334373927554e-14 -0.1 79.66831340837912 1.1793980049284911
620 -5.678798655456755e-14 -0.1 81.71109067526065 0.0
621 -5.833004672888412e-14 -0.1 83.75386794214215 -1.1793980049284911
622 -5.4320971550880015e-14 -0.1 85.79664520902367 -2.3587960098569822
623 -6.074173806878279e-14 -0.1 87.8394224759052 -3.538194014785477
624 -6.023359396724674e-14 -0.1 89.88219974278671 -4.717592019713969
625 -5.842716447890827e-14 -0.1 91.92497700966824 -5.896990024642459
626 -6.027680170386061e-14 -0.1 93.96775427654974 -7.076388029570951
627 -6.077875932379857e-14 -0.1 96.01053154343126 -8.255786034499442
628 -5.884811078869946e-14 -0.1 98.05330881031279 -9.435184039427932
629 -5.921253087462597e-14 -0.1 100.09608607719429 -10.614582044356425
630 -5.695673346475654e-14 -0.1 42.89832260451183 24.767358103498317
631 -6.073967777546796e-14 -0.1 44.94109987139335 23.587960098569827
632 -5.980018407886577e-14 -0.1 46.98387713827487 22.408562093641336
633 -5.705845288267915e-14 -0.1 49.026654405156386 21.229164088712846
634 -5.996079698371154e-14 -0.1 51.0694316720379 20.049766083784352
635 -5.40377451834111e-14 -0.1 53.112208938919416 18.87036807885586
636 -6.082202780931725e-14 -0.1 55.15498620580094 17.690970073927367
637 -5.753833808818301e-14 -0.1 57.19776347268245 16.511572068998877
638 -5.889643984444581e-14 -0.1 59.24054073956396 15.332174064070387
639 -6.087413537910705e-14 -0.1 61.283318006445484 14.152776059141896
640 -5.968444934550174e-14 -0.1 63.326095273327 12.973378054213404
641 -6.076282191243833e-14 -0.1 65.36887254020851 11.793980049284913
642 -5.966307608090946e-14 -0.1 67.41164980709003 10.61458204435642
643 -6.022077603223377e-14 -0.1 69.45442707397156 9.435184039427929
644 -5.959795163327262e-14 -0.1 71.49720434085306 8.255786034499438
645 -6.117725493610692e-14 -0.1 73.53998160773457 7.076388029570947
646 -6.055784001557467e-14 -0.1 75.5827588746161 5.896990024642456
647 -6.074806658261403e-14 -0.1 77.6255361414976 4.7175920197139645
648 -6.065186227512844e-14 -0.1 79.66831340837912 3.5381940147854736
649 -6.078538216797544e-14 -0.1 81.71109067526065 2.3587960098569822
650 -6.083076897317877e-14 -0.1 83.75386794214215 1.1793980049284911
651 -6.049106502942216e-14 -0.1 85.79664520902367 0.0
652 -5.902443792452976e-14 -0.1 87.8394224759052 -1.1793980049284911
653 -6.052289933949792e-14 -0.1 89.88219974278671 -2.3587960098569862
654 -5.962544460114303e-14 -0.1 91.92497700966824 -3.538194014785477
655 -6.125769572579207e-14 -0.1 93.96775427654974 -4.717592019713969
656 -6.038945453676881e-14 -0.1 96.01053154343126 -5.896990024642459
657 -5.730518092796344e-14 -0.1 98.05330881031279 -7.076388029570951
658 -6.079977172767135e-14 -0.1 100.09608607719429 -8.255786034499442
659 -5.4151618395245195e-14 -0.1 102.1388633440758 -9.435184039427932
660 -6.01331970369854e-14 -0.1 44.94109987139335 25.946756108426808
661 -6.039131791780944e-14 -0.1 46.98387713827486 24.767358103498317
662 -5.967650462020094e-14 -0.1 49.026654405156386 23.587960098569827
663 -5.94563453185891e-14 -0.1 51.069431672037894 22.408562093641336
664 -5.805692869483125e-14 -0.1 53.112208938919416 21.229164088712846
665 -6.074003975740011e-14 -0.1 55.15498620580093 20.049766083784352
666 -5.723640664537633e-14 -0.1 57.19776347268244 18.870368078855858
667 -6.040551401928922e-14 -0.1 59.24054073956396 17.690970073927367
668 -6.007163091129491e-14 -0.1 61.28331800644548 16.511572068998877
669 -6.039149461349697e-14 -0.1 63.32609527332699 15.332174064070387
670 -5.6819929390317595e-14 -0.1 65.36887254020851 14.152776059141896
671 -6.092020449807936e-14 -0.1 67.41164980709003 12.973378054213404
672 -5.987742348587375e-14 -0.1 69.45442707397154 11.793980049284912
673 -6.104246821502384e-14 -0.1 71.49720434085306 10.61458204435642
674 -5.961156284919163e-14 -0.1 73.53998160773457 9.435184039427929
675 -6.010687718924231e-14 -0.1 75.5827588746161 8.255786034499438
676 -6.136270657726644e-14 -0.1 77.6255361414976 7.076388029570947
677 -6.073960648831608e-14 -0.1 79.66831340837912 5.896990024642456
678 -6.028025378164679e-14 -0.1 81.71109067526065 4.7175920197139645
679 -5.920194576856688e-14 -0.1 83.75386794214215 3.5381940147854736
680 -6.020863504164275e-14 -0.1 85.79664520902367 2.3587960098569822
681 -6.091655994244464e-14 -0.1 87.8394224759052 1.1793980049284911
682 -5.980477997377643e-14 -0.1 89.8821997427867 0.0
683 -6.113841810444136e-14 -0.1 91.92497700966824 -1.1793980049284951
684 -6.022341334615887e-14 -0.1 93.96775427654974 -2.3587960098569862
685 -5.997516387800264e-14 -0.1 96.01053154343124 -3.538194014785477
686 -5.960872746611363e-14 -0.1 98.05330881031279 -4.717592019713969
687 -6.050927398255104e-14 -0.1 100.09608607719429 -5.896990024642459
688 -5.890398415095652e-14 -0.1 102.13886334407579 -7.076388029570951
689 -6.077961410589108e-14 -0.1 104.18164061095733 -8.255786034499442
690 -6.082649515677998e-14 -0.1 46.98387713827488 27.126154113355305
691 -6.019740834023908e-14 -0.1 49.02665440515639 25.94675610842681
692 -6.00425876751771e-14 -0.1 51.06943167203791 24.76735810349832
693 -5.994368377883526e-14 -0.1 53.11220893891942 23.58796009856983
694 -6.013676294341858e-14 -0.1 55.154986205800945 22.40856209364134
695 -5.883527066377592e-14 -0.1 57.19776347268246 21.22916408871285
696 -5.981926381429116e-14 -0.1 59.240540739563976 20.049766083784352
697 -6.107500678445083e-14 -0.1 61.28331800644549 18.870368078855865
698 -6.008255977105722e-14 -0.1 63.326095273327006 17.69097007392737
699 -6.091569757018753e-14 -0.1 65.36887254020853 16.51157206899888
700 -6.016594387189482e-14 -0.1 67.41164980709004 15.33217406407039
701 -6.067065091173627e-14 -0.1 69.45442707397156 14.1527760591419
702 -6.121036545650162e-14 -0.1 71.49720434085307 12.973378054213406
703 -6.097461375887043e-14 -0.1 73.53998160773459 11.793980049284915
704 -6.093688112474515e-14 -0.1 75.5827588746161 10.614582044356425
705 -6.000413088305622e-14 -0.1 77.62553614149762 9.435184039427932
706 -6.032593821593019e-14 -0.1 79.66831340837913 8.255786034499442
707 -6.022864130167369e-14 -0.1 81.71109067526065 7.076388029570951
708 -6.092376557585738e-14 -0.1 83.75386794214216 5.896990024642459
709 -5.969948086122055e-14 -0.1 85.79664520902368 4.717592019713969
710 -6.052166852461961e-14 -0.1 87.8394224759052 3.538194014785477
711 -5.970791658628964e-14 -0.1 89.88219974278671 2.3587960098569862
712 -6.055552828797673e-14 -0.1 91.92497700966824 1.1793980049284951
713 -6.124144048131469e-14 -0.1 93.96775427654975 0.0
714 -5.954229969510741e-14 -0.1 96.01053154343127 -1.1793980049284911
715 -5.984968255592382e-14 -0.1 98.05330881031279 -2.3587960098569822
716 -5.992796218946027e-14 -0.1 100.0960860771943 -3.5381940147854736
717 -5.8824207253564e-14 -0.1 102.13886334407582 -4.7175920197139645
718 -6.09266752751143e-14 -0.1 104.18164061095733 -5.896990024642456
719 -5.928575016688278e-14 -0.1 106.22441787783885 -7.076388029570947
720 -6.05525477815187e-14 -0.1 49.02665440515639 28.305552118283796
721 -5.890211851225885e-14 -0.1 51.0694316720379 27.126154113355305
722 -5.689014576041399e-14 -0.1 53.11220893891942 25.94675610842681
723 -5.940222181381663e-14 -0.1 55.15498620580094 24.76735810349832
724 -5.765610066347868e-14 -0.1 57.19776347268246 23.58796009856983
725 -6.031802010516545e-14 -0.1 59.24054073956397 22.40856209364134
726 -6.05335281080562e-14 -0.1 61.283318006445484 21.22916408871285
727 -6.073889668999207e-14 -0.1 63.326095273327006 20.049766083784352
728 -5.985096642550633e-14 -0.1 65.36887254020851 18.870368078855865
729 -5.918720039901126e-14 -0.1 67.41164980709003 17.69097007392737
730 -5.981995508113133e-14 -0.1 69.45442707397156 16.51157206899888
731 -5.819462936959115e-14 -0.1 71.49720434085306 15.33217406407039
732 -5.981848947575944e-14 -0.1 73.53998160773459 14.152776059141898
733 -6.023368329725617e-14 -0.1 75.5827588746161 12.973378054213406
734 -5.6786610807337354e-14 -0.1 77.62553614149762 11.793980049284915
735 -6.02109922537904e-14 -0.1 79.66831340837913 10.614582044356425
736 -6.036537486205441e-14 -0.1 81.71109067526065 9.435184039427932
737 -6.032338071182301e-14 -0.1 83.75386794214216 8.255786034499442
738 -5.952261739266383e-14 -0.1 85.79664520902368 7.076388029570951
739 -5.926491024571731e-14 -0.1 87.8394224759052 5.896990024642459
740 -5.867600819565782e-14 -0.1 89.88219974278671 4.717592019713969
741 -6.016311658655891e-14 -0.1 91.92497700966824 3.538194014785477
742 -5.906847198768205e-14 -0.1 93.96775427654974 2.3587960098569862
743 -5.966688343042195e-14 -0.1 96.01053154343127 1.1793980049284911
744 -5.902455671402384e-14 -0.1 98.05330881031279 0.0
745 -5.74759309999765e-14 -0.1 100.09608607719429 -1.1793980049284911
746 -6.00976468031563e-14 -0.1 102.13886334407582 -2.3587960098569822
747 -6.056981593588181e-14 -0.1 104.18164061095733 -3.5381940147854736
748 -5.869892900990182e-14 -0.1 106.22441787783883 -4.7175920197139645
749 -6.080338448002457e-14 -0.1 108.26719514472038 -5.896990024642456
750 -5.870972372302537e-14 -0.1 51.0694316720379 29.484950123212286
751 -5.651225155092017e-14 -0.1 53.112208938919416 28.305552118283796
752 -5.762325223493081e-14 -0.1 55.15498620580094 27.126154113355305
753 -6.075440837262714e-14 -0.1 57.19776347268245 25.94675610842681
754 -5.951472301967237e-14 -0.1 59.24054073956397 24.76735810349832
755 -6.025795748800369e-14 -0.1 61.283318006445484 23.58796009856983
756 -6.123567636843164e-14 -0.1 63.326095273327006 22.408562093641336
757 -6.038749821597003e-14 -0.1 65.36887254020851 21.22916408871285
758 -6.058475798979455e-14 -0.1 67.41164980709003 20.049766083784352
759 -6.1050759758271e-14 -0.1 69.45442707397156 18.870368078855865
760 -6.076131562930206e-14 -0.1 71.49720434085306 17.69097007392737
761 -5.891443731299245e-14 -0.1 73.53998160773457 16.51157206899888
762 -6.091716533017062e-14 -0.1 75.5827588746161 15.332174064070388
763 -5.962480706949789e-14 -0.1 77.62553614149762 14.152776059141898
764 -5.6031438341948334e-14 -0.1 79.66831340837912 12.973378054213406
765 -5.922777797383726e-14 -0.1 81.71109067526065 11.793980049284915
766 -6.117063894984667e-14 -0.1 83.75386794214216 10.614582044356425
767 -5.967611328971996e-14 -0.1 85.79664520902367 9.435184039427932
768 -5.455950655137144e-14 -0.1 87.8394224759052 8.255786034499442
769 -6.084509605267439e-14 -0.1 89.8821997427867 7.076388029570951
770 -5.6062804794605015e-14 -0.1 91.92497700966824 5.896990024642459
771 -5.879214070593277e-14 -0.1 93.96775427654974 4.717592019713969
772 -6.042456787863546e-14 -0.1 96.01053154343124 3.538194014785477
773 -6.06890198205514e-14 -0.1 98.05330881031279 2.3587960098569822
774 -6.011996526646476e-14 -0.1 100.09608607719429 1.1793980049284911
775 -5.939203425003102e-14 -0.1 102.1388633440758 0.0
776 -6.052075485563231e-14 -0.1 104.18164061095733 -1.1793980049284911
777 -6.033688171862613e-14 -0.1 106.22441787783883 -2.3587960098569822
778 -6.004893359531575e-14 -0.1 108.26719514472035 -3.5381940147854736
779 -6.065523051834941e-14 -0.1 110.30997241160188 -4.7175920197139645
780 -5.901881706074764e-14 -0.1 53.11220893891942 30.664348128140777
781 -5.782592207619464e-14 -0.1 55.15498620580094 29.484950123212286
782 -6.061320756431838e-14 -0.1 57.19776347268246 28.305552118283796
783 -5.997963494878766e-14 -0.1 59.24054073956397 27.126154113355305
784 -5.978055777169301e-14 -0.1 61.28331800644549 25.94675610842681
785 -5.985003081144868e-14 -0.1 63.326095273327006 24.76735810349832
786 -6.026807820746648e-14 -0.1 65.36887254020853 23.58796009856983
787 -6.006424719989037e-14 -0.1 67.41164980709004 22.408562093641336
788 -5.978674238664052e-14 -0.1 69.45442707397156 21.22916408871285
789 -5.41958290737649e-14 -0.1 71.49720434085307 20.049766083784352
790 -6.082552709614669e-14 -0.1 73.53998160773459 18.870368078855865
791 -6.035131930438072e-14 -0.1 75.5827588746161 17.69097007392737
792 -6.090124140004324e-14 -0.1 77.62553614149762 16.51157206899888
793 -6.043872979192384e-14 -0.1 79.66831340837913 15.332174064070388
794 -6.07753242554246e-14 -0.1 81.71109067526065 14.152776059141898
795 -6.095140832162598e-14 -0.1 83.75386794214216 12.973378054213406
796 -5.888509779317546e-14 -0.1 85.79664520902368 11.793980049284915
797 -6.039933812352786e-14 -0.1 87.8394224759052 10.614582044356425
798 -5.918031195672363e-14 -0.1 89.88219974278671 9.435184039427932
799 -5.50225095598978e-14 -0.1 91.92497700966824 8.255786034499442
800 -5.998029058731484e-14 -0.1 93.96775427654974 7.076388029570951
801 -6.02659740368002e-14 -0.1 96.01053154343126 5.896990024642459
802 -6.048877422653846e-14 -0.1 98.05330881031279 4.717592019713969
803 -5.94318753461987e-14 -0.1 100.0960860771943 3.5381940147854736
804 -5.6531067770854445e-14 -0.1 102.13886334407582 2.3587960098569822
805 -6.039519124586967e-14 -0.1 104.18164061095733 1.1793980049284911
806 -5.783901182979586e-14 -0.1 106.22441787783885 0.0
807 -6.070720522897697e-14 -0.1 108.26719514472038 -1.1793980049284911
808 -6.037401122027861e-14 -0.1 110.30997241160188 -2.3587960098569822
809 -5.597087104060775e-14 -0.1 112.35274967848339 -3.5381940147854736
810 -6.087356502160694e-14 -0.1 55.15498620580094 31.843746133069267
811 -6.067016969561212e-14 -0.1 57.19776347268245 30.664348128140777
812 -6.135883410546803e-14 -0.1 59.24054073956397 29.484950123212286
813 -5.6470498251831314e-14 -0.1 61.283318006445484 28.305552118283796
814 -5.84884196751676e-14 -0.1 63.326095273327006 27.126154113355305
815 -6.087986271329822e-14 -0.1 65.36887254020851 25.94675610842681
816 -6.049874345684621e-14 -0.1 67.41164980709003 24.767358103498317
817 -6.08302425272237e-14 -0.1 69.45442707397156 23.58796009856983
818 -5.994812445618844e-14 -0.1 71.49720434085307 22.408562093641336
819 -5.646488162852537e-14 -0.1 73.53998160773457 21.22916408871285
820 -5.423515986770078e-14 -0.1 75.5827588746161 20.049766083784352
821 -5.870539093785984e-14 -0.1 77.6255361414976 18.870368078855865
822 -6.080098010942744e-14 -0.1 79.66831340837913 17.69097007392737
823 -5.939346016709086e-14 -0.1 81.71109067526065 16.51157206899888
824 -6.0240493017817e-14 -0.1 83.75386794214216 15.332174064070388
825 -5.965071125405223e-14 -0.1 85.79664520902368 14.152776059141898
826 -5.998249278515143e-14 -0.1 87.8394224759052 12.973378054213406
827 -6.10213553467946e-14 -0.1 89.88219974278671 11.793980049284915
828 -6.093100137299108e-14 -0.1 91.92497700966824 10.614582044356425
829 -5.684714435719111e-14 -0.1 93.96775427654974 9.435184039427932
830 -6.05595965923097e-14 -0.1 96.01053154343126 8.255786034499442
831 -6.02137094752566e-14 -0.1 98.05330881031279 7.076388029570951
832 -5.912732613791357e-14 -0.1 100.09608607719429 5.896990024642459
833 -6.049754920618436e-14 -0.1 102.13886334407582 4.7175920197139645
834 -6.089320060723465e-14 -0.1 104.18164061095733 3.5381940147854736
835 -6.073664322857812e-14 -0.1 106.22441787783883 2.3587960098569822
836 -6.08672087062196e-14 -0.1 108.26719514472038 1.1793980049284911
837 -5.942023190029392e-14 -0.1 110.30997241160188 0.0
838 -5.961918573724797e-14 -0.1 112.35274967848338 -1.1793980049284911
839 -5.941151546564506e-14 -0.1 114.39552694536492 -2.3587960098569822
840 -5.875364083601638e-14 -0.1 57.19776347268245 33.02314413799776
841 -6.07761062513974e-14 -0.1 59.24054073956396 31.843746133069267
842 -5.652320069323769e-14 -0.1 61.283318006445484 30.664348128140777
843 -5.999830395794379e-14 -0.1 63.326095273327 29.484950123212286
844 -6.016739591157698e-14 -0.1 65.36887254020851 28.305552118283796
845 -5.927028359575072e-14 -0.1 67.41164980709003 27.126154113355305
846 -5.946763865821064e-14 -0.1 69.45442707397156 25.94675610842681
847 -5.832997053736617e-14 -0.1 71.49720434085306 24.767358103498317
848 -6.085439618706323e-14 -0.1 73.53998160773457 23.58796009856983
849 -6.119597817764543e-14 -0.1 75.5827588746161 22.408562093641336
850 -6.086146240677036e-14 -0.1 77.6255361414976 21.22916408871285
851 -6.072232566338435e-14 -0.1 79.66831340837912 20.049766083784352
852 -6.045454290927811e-14 -0.1 81.71109067526065 18.87036807885586
853 -6.027209345908144e-14 -0.1 83.75386794214216 17.69097007392737
854 -6.075196794527967e-14 -0.1 85.79664520902367 16.51157206899888
855 -6.028524137390133e-14 -0.1 87.8394224759052 15.332174064070388
856 -5.94959389790168e-14 -0.1 89.88219974278671 14.152776059141898
857 -6.022173922530674e-14 -0.1 91.92497700966821 12.973378054213406
858 -6.08800298278878e-14 -0.1 93.96775427654974 11.793980049284915
859 -6.049192918254189e-14 -0.1 96.01053154343124 10.614582044356425
860 -6.115025464023407e-14 -0.1 98.05330881031279 9.435184039427932
861 -5.623635839551941e-14 -0.1 100.09608607719429 8.255786034499442
862 -6.045305824551516e-14 -0.1 102.13886334407579 7.076388029570951
863 -5.97135849431844e-14 -0.1 104.18164061095733 5.896990024642456
864 -5.894603673794825e-14 -0.1 106.22441787783883 4.7175920197139645
865 -6.052608187577922e-14 -0.1 108.26719514472035 3.5381940147854736
866 -6.112160284357362e-14 -0.1 110.30997241160188 2.3587960098569822
867 -5.73681445239281e-14 -0.1 112.35274967848338 1.1793980049284911
868 -6.07813010702848e-14 -0.1 114.3955269453649 0.0
869 -5.724344181593679e-14 -0.1 116.43830421224642 -1.1793980049284911
870 -6.043352669976335e-14 -0.1 59.24054073956397 34.20254214292625
871 -6.004486007285963e-14 -0.1 61.283318006445484 33.02314413799776
872 -5.730928568446427e-14 -0.1 63.326095273327006 31.843746133069267
873 -6.04577428619529e-14 -0.1 65.36887254020851 30.664348128140777
874 -6.104535000161219e-14 -0.1 67.41164980709004 29.484950123212286
875 -6.08540879074966e-14 -0.1 69.45442707397156 28.305552118283796
876 -5.850448222612703e-14 -0.1 71.49720434085307 27.1261541133553
877 -6.106757500408203e-14 -0.1 73.53998160773457 25.94675610842681
878 -6.075436250157467e-14 -0.1 75.5827588746161 24.767358103498317
879 -5.909998950317134e-14 -0.1 77.62553614149762 23.58796009856983
880 -6.067897980573479e-14 -0.1 79.66831340837913 22.408562093641336
881 -6.038209067138041e-14 -0.1 81.71109067526065 21.22916408871285
882 -6.048089878451896e-14 -0.1 83.75386794214216 20.049766083784352
883 -6.065615350542882e-14 -0.1 85.79664520902368 18.87036807885586
884 -5.6747282829421446e-14 -0.1 87.8394224759052 17.69097007392737
885 -5.977947236083084e-14 -0.1 89.88219974278671 16.51157206899888
886 -5.784278419536505e-14 -0.1 91.92497700966824 15.332174064070388
887 -5.696784597603617e-14 -0.1 93.96775427654974 14.152776059141898
888 -6.02902611583306e-14 -0.1 96.01053154343126 12.973378054213406
889 -6.019741861640886e-14 -0.1 98.05330881031279 11.793980049284915
890 -5.959813852454092e-14 -0.1 100.09608607719429 10.614582044356425
891 -5.761265348422332e-14 -0.1 102.1388633440758 9.435184039427932
892 -5.800189609462022e-14 -0.1 104.18164061095733 8.255786034499442
893 -5.86963096504265e-14 -0.1 106.22441787783885 7.076388029570947
894 -6.066567559749053e-14 -0.1 108.26719514472038 5.896990024642456
895 -6.019378779923839e-14 -0.1 110.30997241160188 4.7175920197139645
896 -5.813635379007258e-14 -0.1 112.35274967848339 3.5381940147854736
897 -5.903797426835509e-14 -0.1 114.39552694536492 2.3587960098569822
898 -5.983446866727707e-14 -0.1 116.43830421224642 1.1793980049284911
899 -5.770701810136911e-14 -0.1 118.48108147912794 0.0
