I Vapp Center(x) Center(y)
-1.4618898121052806e-14 -0.1 0.0 0.0
-1.4380113600526646e-14 -0.1 2.042777266881516 -1.1793980049284913
-1.461720756602284e-14 -0.1 4.085554533763032 -2.3587960098569827
-1.473020873248835e-14 -0.1 6.128331800644549 -3.5381940147854745
-1.4843964532760168e-14 -0.1 8.171109067526064 -4.717592019713965
-1.5001772388154814e-14 -0.1 10.213886334407581 -5.896990024642457
-1.4782762190470392e-14 -0.1 12.256663601289098 -7.076388029570949
-1.5172870818233523e-14 -0.1 14.299440868170613 -8.25578603449944
-1.531769089238559e-14 -0.1 16.34221813505213 -9.43518403942793
-1.545203497090218e-14 -0.1 18.384995401933644 -10.614582044356423
-1.5546384360017738e-14 -0.1 20.427772668815162 -11.793980049284913
-1.5651499353965687e-14 -0.1 22.470549935696674 -12.973378054213404
-1.5745078010004894e-14 -0.1 24.513327202578196 -14.152776059141898
-1.554457239031538e-14 -0.1 26.55610446945971 -15.332174064070388
-1.589824827121987e-14 -0.1 28.598881736341227 -16.51157206899888
-1.5839344640976364e-14 -0.1 30.641659003222742 -17.69097007392737
-1.5839344640976364e-14 -0.1 32.68443627010426 -18.87036807885586
-1.5839344640976364e-14 -0.1 34.72721353698577 -20.049766083784352
-1.5484323532701754e-14 -0.1 36.76999080386729 -21.229164088712846
-1.5644053182209883e-14 -0.1 38.8127680707488 -22.408562093641336
-1.565463733919289e-14 -0.1 40.855545337630325 -23.587960098569827
-1.5500149870300105e-14 -0.1 42.89832260451183 -24.767358103498317
-1.538828401088061e-14 -0.1 44.94109987139335 -25.946756108426808
-1.5247453442424276e-14 -0.1 46.98387713827488 -27.126154113355305
-1.5050609171824615e-14 -0.1 49.02665440515639 -28.305552118283796
-1.5050609171824615e-14 -0.1 51.0694316720379 -29.484950123212286
-1.4770230659352363e-14 -0.1 53.11220893891942 -30.664348128140777
-1.4770230659352363e-14 -0.1 55.15498620580094 -31.843746133069267
-1.455867264801488e-14 -0.1 57.19776347268245 -33.02314413799776
-1.4597618134382788e-14 -0.1 59.24054073956397 -34.20254214292625
-1.4597618134382788e-14 -0.1 2.042777266881516 1.1793980049284913
-1.4672374331104994e-14 -0.1 4.085554533763032 0.0
-1.4703357890315096e-14 -0.1 6.128331800644549 -1.1793980049284913
-1.4548970494212526e-14 -0.1 8.171109067526064 -2.358796009856983
-1.4706185200353713e-14 -0.1 10.213886334407581 -3.5381940147854745
-1.4982300931428646e-14 -0.1 12.256663601289098 -4.717592019713965
-1.5049049979909117e-14 -0.1 14.299440868170615 -5.896990024642458
-1.5172205688147684e-14 -0.1 16.34221813505213 -7.076388029570949
-1.5200396128996926e-14 -0.1 18.384995401933644 -8.25578603449944
-1.517192678122471e-14 -0.1 20.427772668815162 -9.43518403942793
-1.517192678122471e-14 -0.1 22.470549935696678 -10.614582044356423
-1.5571118773067826e-14 -0.1 24.513327202578193 -11.793980049284913
-1.5807086898818572e-14 -0.1 26.55610446945971 -12.973378054213406
-1.5884541296817843e-14 -0.1 28.59888173634123 -14.152776059141898
-1.5878944646045087e-14 -0.1 30.641659003222742 -15.332174064070388
-1.5929239834453837e-14 -0.1 32.68443627010426 -16.51157206899888
-1.5932687810008452e-14 -0.1 34.72721353698578 -17.69097007392737
-1.5932687810008452e-14 -0.1 36.76999080386729 -18.87036807885586
-1.572713778902955e-14 -0.1 38.8127680707488 -20.049766083784352
-1.572713778902955e-14 -0.1 40.85554533763032 -21.229164088712846
-1.549133719350574e-14 -0.1 42.89832260451183 -22.408562093641336
-1.524517770912048e-14 -0.1 44.94109987139335 -23.587960098569827
-1.524517770912048e-14 -0.1 46.98387713827486 -24.767358103498317
-1.524517770912048e-14 -0.1 49.02665440515639 -25.94675610842681
-1.502075158434862e-14 -0.1 51.0694316720379 -27.126154113355305
-1.495105160117805e-14 -0.1 53.112208938919416 -28.305552118283796
-1.472476231759419e-14 -0.1 55.15498620580094 -29.484950123212286
-1.472476231759419e-14 -0.1 57.19776347268245 -30.664348128140777
-1.458520017143624e-14 -0.1 59.24054073956396 -31.843746133069267
-1.458520017143624e-14 -0.1 61.283318006445484 -33.02314413799776
-1.4521522785200087e-14 -0.1 4.085554533763032 2.3587960098569827
-1.4424743543393075e-14 -0.1 6.128331800644549 1.1793980049284913
-1.4829536730975535e-14 -0.1 8.171109067526064 0.0
-1.483182472445881e-14 -0.1 10.213886334407581 -1.1793980049284916
-1.5029203702945368e-14 -0.1 12.256663601289098 -2.3587960098569827
-1.5070168785632574e-14 -0.1 14.299440868170613 -3.538194014785474
-1.5147779485822083e-14 -0.1 16.34221813505213 -4.717592019713966
-1.5351883200505777e-14 -0.1 18.384995401933644 -5.896990024642458
-1.5259932279562074e-14 -0.1 20.427772668815162 -7.076388029570949
-1.5268612136514088e-14 -0.1 22.470549935696678 -8.25578603449944
-1.5268612136514088e-14 -0.1 24.513327202578196 -9.43518403942793
-1.5862168550912788e-14 -0.1 26.556104469459708 -10.614582044356423
-1.574203023016848e-14 -0.1 28.59888173634123 -11.793980049284915
-1.5972877180990617e-14 -0.1 30.641659003222745 -12.973378054213406
-1.5715018216873567e-14 -0.1 32.68443627010426 -14.152776059141898
-1.6001290114000037e-14 -0.1 34.72721353698578 -15.332174064070388
-1.5662672170306456e-14 -0.1 36.76999080386729 -16.51157206899888
-1.5826094893480664e-14 -0.1 38.8127680707488 -17.69097007392737
-1.562593162562683e-14 -0.1 40.855545337630325 -18.87036807885586
-1.5630707278548105e-14 -0.1 42.89832260451183 -20.049766083784352
-1.5630707278548105e-14 -0.1 44.941099871393355 -21.229164088712846
-1.5405155290527774e-14 -0.1 46.98387713827487 -22.408562093641336
-1.4675201546896723e-14 -0.1 49.026654405156386 -23.587960098569827
-1.4799634402693948e-14 -0.1 51.06943167203791 -24.76735810349832
-1.4902997931230115e-14 -0.1 53.11220893891942 -25.94675610842681
-1.4365405165148147e-14 -0.1 55.15498620580094 -27.126154113355305
-1.4282539943287834e-14 -0.1 57.19776347268246 -28.305552118283796
-1.4282539943287834e-14 -0.1 59.24054073956397 -29.484950123212286
-1.4282539943287834e-14 -0.1 61.283318006445484 -30.664348128140777
-1.437140141795099e-14 -0.1 63.326095273327006 -31.843746133069267
-1.4758159680988577e-14 -0.1 6.128331800644549 3.5381940147854745
-1.4762324243700227e-14 -0.1 8.171109067526064 2.358796009856983
-1.460789947320386e-14 -0.1 10.213886334407581 1.1793980049284916
-1.452034108624547e-14 -0.1 12.256663601289098 0.0
-1.499242364790246e-14 -0.1 14.299440868170615 -1.1793980049284911
-1.5175835943902656e-14 -0.1 16.34221813505213 -2.3587960098569822
-1.5339565042589446e-14 -0.1 18.384995401933647 -3.5381940147854745
-1.5259430887406196e-14 -0.1 20.427772668815162 -4.717592019713965
-1.559668531647508e-14 -0.1 22.470549935696678 -5.896990024642457
-1.5789020281042945e-14 -0.1 24.513327202578196 -7.076388029570948
-1.5769366299653853e-14 -0.1 26.556104469459708 -8.255786034499438
-1.592037121857283e-14 -0.1 28.59888173634122 -9.435184039427929
-1.5541711316929258e-14 -0.1 30.641659003222742 -10.614582044356425
-1.6036630762259895e-14 -0.1 32.684436270104264 -11.793980049284915
-1.571986149413121e-14 -0.1 34.72721353698578 -12.973378054213406
-1.5912841136757565e-14 -0.1 36.76999080386729 -14.152776059141898
-1.5831593498853893e-14 -0.1 38.81276807074881 -15.332174064070388
-1.581244807339472e-14 -0.1 40.855545337630325 -16.51157206899888
-1.5772216529538373e-14 -0.1 42.89832260451183 -17.69097007392737
-1.5485008066670915e-14 -0.1 44.94109987139335 -18.87036807885586
-1.54885213154481e-14 -0.1 46.98387713827487 -20.049766083784352
-1.5323076372805017e-14 -0.1 49.026654405156386 -21.229164088712846
-1.4963494720171563e-14 -0.1 51.069431672037894 -22.408562093641336
-1.4963494720171563e-14 -0.1 53.11220893891942 -23.58796009856983
-1.487918211225452e-14 -0.1 55.15498620580094 -24.76735810349832
-1.4774518191012322e-14 -0.1 57.19776347268245 -25.94675610842681
-1.452199565347506e-14 -0.1 59.24054073956397 -27.126154113355305
-1.452199565347506e-14 -0.1 61.283318006445484 -28.305552118283796
-1.47132184363252e-14 -0.1 63.326095273327 -29.484950123212286
-1.47132184363252e-14 -0.1 65.36887254020851 -30.664348128140777
-1.4771379360836887e-14 -0.1 8.171109067526064 4.717592019713965
-1.4869496615453264e-14 -0.1 10.213886334407581 3.5381940147854745
-1.4869496615453264e-14 -0.1 12.256663601289098 2.3587960098569827
-1.504093304460122e-14 -0.1 14.299440868170615 1.1793980049284911
-1.5084440516351868e-14 -0.1 16.34221813505213 0.0
-1.5084440516351868e-14 -0.1 18.384995401933644 -1.1793980049284911
-1.540797000103584e-14 -0.1 20.427772668815162 -2.358796009856983
-1.540797000103584e-14 -0.1 22.470549935696678 -3.5381940147854745
-1.5708890449279448e-14 -0.1 24.513327202578196 -4.717592019713965
-1.5416990844026742e-14 -0.1 26.556104469459708 -5.896990024642457
-1.584413955298907e-14 -0.1 28.598881736341227 -7.076388029570948
-1.5891030086477116e-14 -0.1 30.64165900322274 -8.255786034499438
-1.570727292561944e-14 -0.1 32.68443627010426 -9.435184039427932
-1.5845545496471426e-14 -0.1 34.72721353698578 -10.614582044356425
-1.5845545496471426e-14 -0.1 36.76999080386729 -11.793980049284915
-1.5998017330151313e-14 -0.1 38.81276807074881 -12.973378054213406
-1.5908971179979787e-14 -0.1 40.855545337630325 -14.152776059141898
-1.5656006266068877e-14 -0.1 42.89832260451183 -15.332174064070388
-1.557045538445461e-14 -0.1 44.941099871393355 -16.51157206899888
-1.557045538445461e-14 -0.1 46.98387713827487 -17.69097007392737
-1.5223713264909628e-14 -0.1 49.02665440515639 -18.87036807885586
-1.541981796795202e-14 -0.1 51.0694316720379 -20.049766083784352
-1.498551030523616e-14 -0.1 53.112208938919416 -21.229164088712846
-1.500218005886525e-14 -0.1 55.154986205800945 -22.40856209364134
-1.4921837716547265e-14 -0.1 57.19776347268246 -23.58796009856983
-1.4813836609405193e-14 -0.1 59.24054073956397 -24.76735810349832
-1.4660596908314632e-14 -0.1 61.28331800644549 -25.94675610842681
-1.467466359753622e-14 -0.1 63.326095273327006 -27.126154113355305
-1.468451501704398e-14 -0.1 65.36887254020851 -28.305552118283796
-1.478669087328665e-14 -0.1 67.41164980709004 -29.484950123212286
-1.4882247306929242e-14 -0.1 10.213886334407581 5.896990024642457
-1.4957960946600965e-14 -0.1 12.256663601289098 4.717592019713965
-1.4903879883771585e-14 -0.1 14.299440868170613 3.538194014785474
-1.516384672841802e-14 -0.1 16.34221813505213 2.3587960098569822
-1.53516609591237e-14 -0.1 18.384995401933644 1.1793980049284911
-1.5454906698009224e-14 -0.1 20.427772668815162 0.0
-1.5632942305873895e-14 -0.1 22.470549935696678 -1.1793980049284922
-1.5668782969925725e-14 -0.1 24.513327202578196 -2.358796009856983
-1.5668782969925725e-14 -0.1 26.556104469459708 -3.5381940147854745
-1.590010596924335e-14 -0.1 28.598881736341227 -4.717592019713965
-1.578687180051025e-14 -0.1 30.641659003222742 -5.896990024642457
-1.5643230986877948e-14 -0.1 32.68443627010426 -7.076388029570948
-1.5671878056293326e-14 -0.1 34.72721353698578 -8.25578603449944
-1.6059862485073098e-14 -0.1 36.769990803867294 -9.435184039427932
-1.5863737909075192e-14 -0.1 38.8127680707488 -10.614582044356425
-1.579047095490292e-14 -0.1 40.855545337630325 -11.793980049284915
-1.5686362744111097e-14 -0.1 42.89832260451184 -12.973378054213406
-1.5781399314080587e-14 -0.1 44.94109987139335 -14.152776059141898
-1.5622528329326462e-14 -0.1 46.98387713827487 -15.332174064070388
-1.5622528329326462e-14 -0.1 49.026654405156386 -16.51157206899888
-1.5123753108175523e-14 -0.1 51.0694316720379 -17.69097007392737
-1.5314379675863558e-14 -0.1 53.112208938919416 -18.87036807885586
-1.5223515432987792e-14 -0.1 55.15498620580093 -20.049766083784352
-1.5223515432987792e-14 -0.1 57.19776347268246 -21.22916408871285
-1.5044242726142315e-14 -0.1 59.24054073956397 -22.40856209364134
-1.4895578278421943e-14 -0.1 61.283318006445484 -23.58796009856983
-1.4863221703164645e-14 -0.1 63.326095273327006 -24.76735810349832
-1.4874745036507806e-14 -0.1 65.36887254020851 -25.94675610842681
-1.4735291534540143e-14 -0.1 67.41164980709003 -27.126154113355305
-1.482865457529117e-14 -0.1 69.45442707397156 -28.305552118283796
-1.482865457529117e-14 -0.1 12.256663601289098 7.076388029570949
-1.5074517552359005e-14 -0.1 14.299440868170615 5.896990024642458
-1.5074517552359005e-14 -0.1 16.34221813505213 4.717592019713966
-1.5331576447981953e-14 -0.1 18.384995401933647 3.5381940147854745
-1.5027437045950776e-14 -0.1 20.427772668815162 2.358796009856983
-1.5332060083125323e-14 -0.1 22.470549935696678 1.1793980049284922
-1.5332060083125323e-14 -0.1 24.513327202578196 0.0
-1.5332060083125323e-14 -0.1 26.556104469459708 -1.1793980049284911
-1.5938745500285187e-14 -0.1 28.59888173634123 -2.3587960098569822
-1.591560350354208e-14 -0.1 30.641659003222742 -3.5381940147854736
-1.6042510233994698e-14 -0.1 32.68443627010426 -4.7175920197139645
-1.5916892373588177e-14 -0.1 34.72721353698577 -5.896990024642456
-1.566506925380583e-14 -0.1 36.769990803867294 -7.076388029570949
-1.5712302742620686e-14 -0.1 38.81276807074881 -8.25578603449944
-1.599743097943059e-14 -0.1 40.855545337630325 -9.43518403942793
-1.5584182522882933e-14 -0.1 42.89832260451184 -10.614582044356423
-1.5584182522882933e-14 -0.1 44.941099871393355 -11.793980049284913
-1.573894406557694e-14 -0.1 46.98387713827487 -12.973378054213404
-1.54906761016248e-14 -0.1 49.02665440515639 -14.152776059141896
-1.5442607689953947e-14 -0.1 51.069431672037894 -15.332174064070387
-1.5261069663747477e-14 -0.1 53.112208938919416 -16.511572068998877
-1.5355201643244717e-14 -0.1 55.15498620580094 -17.690970073927367
-1.507164609278835e-14 -0.1 57.19776347268244 -18.870368078855858
-1.5035843109877948e-14 -0.1 59.240540739563976 -20.049766083784352
-1.4767046625727472e-14 -0.1 61.283318006445484 -21.22916408871285
-1.4764513378932696e-14 -0.1 63.326095273327006 -22.408562093641336
-1.4764513378932696e-14 -0.1 65.36887254020853 -23.58796009856983
-1.48090923446107e-14 -0.1 67.41164980709003 -24.767358103498317
-1.4754808079247924e-14 -0.1 69.45442707397156 -25.94675610842681
-1.4754808079247924e-14 -0.1 71.49720434085307 -27.1261541133553
-1.4754808079247924e-14 -0.1 14.299440868170613 8.25578603449944
-1.52834584073661e-14 -0.1 16.34221813505213 7.076388029570949
-1.482694482633717e-14 -0.1 18.384995401933644 5.896990024642458
-1.482694482633717e-14 -0.1 20.427772668815162 4.717592019713965
-1.5608472178607698e-14 -0.1 22.470549935696678 3.5381940147854745
-1.5743705816952273e-14 -0.1 24.513327202578196 2.358796009856983
-1.5679533087946e-14 -0.1 26.556104469459708 1.1793980049284911
-1.5849065532005685e-14 -0.1 28.598881736341227 0.0
-1.594043334666201e-14 -0.1 30.641659003222742 -1.1793980049284911
-1.605340136570798e-14 -0.1 32.68443627010426 -2.3587960098569822
-1.6155861285175512e-14 -0.1 34.72721353698578 -3.5381940147854736
-1.6166010249957628e-14 -0.1 36.76999080386729 -4.7175920197139645
-1.6090453531933592e-14 -0.1 38.81276807074881 -5.896990024642458
-1.606386819733044e-14 -0.1 40.855545337630325 -7.076388029570949
-1.5953098171643333e-14 -0.1 42.89832260451183 -8.25578603449944
-1.5799587345149206e-14 -0.1 44.941099871393355 -9.43518403942793
-1.5863194851069193e-14 -0.1 46.98387713827487 -10.614582044356423
-1.5448254169399926e-14 -0.1 49.026654405156386 -11.793980049284913
-1.5549004388417556e-14 -0.1 51.0694316720379 -12.973378054213404
-1.5549004388417556e-14 -0.1 53.112208938919416 -14.152776059141896
-1.5470218484803823e-14 -0.1 55.15498620580094 -15.332174064070387
-1.51791454075901e-14 -0.1 57.19776347268245 -16.511572068998877
-1.5336151800855828e-14 -0.1 59.24054073956396 -17.690970073927367
-1.4839069705911534e-14 -0.1 61.28331800644549 -18.870368078855865
-1.5165042389423716e-14 -0.1 63.326095273327006 -20.049766083784352
-1.500369048841637e-14 -0.1 65.36887254020851 -21.22916408871285
-1.500369048841637e-14 -0.1 67.41164980709004 -22.408562093641336
-1.5125487649157844e-14 -0.1 69.45442707397156 -23.58796009856983
-1.5143305291801445e-14 -0.1 71.49720434085306 -24.767358103498317
-1.5106494305328457e-14 -0.1 73.53998160773457 -25.94675610842681
-1.5362421016129602e-14 -0.1 16.34221813505213 9.43518403942793
-1.5455072231620112e-14 -0.1 18.384995401933644 8.25578603449944
-1.561739101602143e-14 -0.1 20.427772668815162 7.076388029570949
-1.5639264482430127e-14 -0.1 22.470549935696678 5.896990024642457
-1.564856255056247e-14 -0.1 24.513327202578196 4.717592019713965
-1.5796609868007027e-14 -0.1 26.556104469459708 3.5381940147854745
-1.589688552758295e-14 -0.1 28.59888173634123 2.3587960098569822
-1.5775776041858913e-14 -0.1 30.641659003222742 1.1793980049284911
-1.6043783963981565e-14 -0.1 32.68443627010426 0.0
-1.608449939608783e-14 -0.1 34.72721353698578 -1.1793980049284911
-1.5517241577776006e-14 -0.1 36.76999080386729 -2.3587960098569822
-1.6084457210204678e-14 -0.1 38.8127680707488 -3.5381940147854736
-1.614806425077728e-14 -0.1 40.855545337630325 -4.717592019713966
-1.6152953862565427e-14 -0.1 42.89832260451184 -5.896990024642458
-1.6061858294915962e-14 -0.1 44.941099871393355 -7.076388029570949
-1.5943310956314123e-14 -0.1 46.98387713827487 -8.25578603449944
-1.5916520238689483e-14 -0.1 49.02665440515639 -9.43518403942793
-1.5748898751019764e-14 -0.1 51.0694316720379 -10.614582044356423
-1.56602333441163e-14 -0.1 53.112208938919416 -11.793980049284913
-1.5628098493056163e-14 -0.1 55.15498620580093 -12.973378054213404
-1.54601190060388e-14 -0.1 57.19776347268245 -14.152776059141896
-1.5139855035185042e-14 -0.1 59.24054073956396 -15.332174064070387
-1.534597380234635e-14 -0.1 61.28331800644548 -16.511572068998877
-1.534597380234635e-14 -0.1 63.326095273327006 -17.69097007392737
-1.5058063261319357e-14 -0.1 65.36887254020851 -18.870368078855865
-1.5058063261319357e-14 -0.1 67.41164980709003 -20.049766083784352
-1.493639842903755e-14 -0.1 69.45442707397156 -21.22916408871285
-1.525421434494051e-14 -0.1 71.49720434085307 -22.408562093641336
-1.5221400184374588e-14 -0.1 73.53998160773457 -23.58796009856983
-1.5229249076608508e-14 -0.1 75.5827588746161 -24.767358103498317
-1.547291921904225e-14 -0.1 18.384995401933644 10.614582044356423
-1.5575843158918177e-14 -0.1 20.427772668815162 9.43518403942793
-1.5575843158918177e-14 -0.1 22.470549935696678 8.25578603449944
-1.564374115120407e-14 -0.1 24.513327202578196 7.076388029570948
-1.5685812514076264e-14 -0.1 26.556104469459708 5.896990024642457
-1.5813183153923265e-14 -0.1 28.598881736341227 4.717592019713965
-1.5813183153923265e-14 -0.1 30.641659003222742 3.5381940147854736
-1.585800590916524e-14 -0.1 32.68443627010426 2.3587960098569822
-1.6082734895952202e-14 -0.1 34.72721353698578 1.1793980049284911
-1.6082734895952202e-14 -0.1 36.76999080386729 0.0
-1.5980584468291424e-14 -0.1 38.8127680707488 -1.1793980049284911
-1.6223871247124064e-14 -0.1 40.855545337630325 -2.3587960098569822
-1.5986078034295667e-14 -0.1 42.89832260451184 -3.5381940147854753
-1.600293281058387e-14 -0.1 44.941099871393355 -4.717592019713966
-1.550185787888388e-14 -0.1 46.98387713827487 -5.896990024642458
-1.602204684421648e-14 -0.1 49.02665440515639 -7.076388029570949
-1.598435795425081e-14 -0.1 51.0694316720379 -8.25578603449944
-1.5713570553399595e-14 -0.1 53.112208938919416 -9.43518403942793
-1.573183151689062e-14 -0.1 55.15498620580094 -10.614582044356423
-1.5668871869732952e-14 -0.1 57.19776347268244 -11.793980049284913
-1.547773838906439e-14 -0.1 59.24054073956396 -12.973378054213404
-1.5498964163735648e-14 -0.1 61.283318006445484 -14.152776059141896
-1.5498964163735648e-14 -0.1 63.32609527332699 -15.332174064070387
-1.536230188015509e-14 -0.1 65.36887254020853 -16.51157206899888
-1.5278688034932627e-14 -0.1 67.41164980709003 -17.69097007392737
-1.5338956631888815e-14 -0.1 69.45442707397156 -18.870368078855865
-1.535137693308786e-14 -0.1 71.49720434085307 -20.049766083784352
-1.529303908915589e-14 -0.1 73.53998160773457 -21.22916408871285
-1.5215114366759607e-14 -0.1 75.5827588746161 -22.408562093641336
-1.5436547632855828e-14 -0.1 77.62553614149762 -23.58796009856983
-1.532758442323299e-14 -0.1 20.427772668815162 11.793980049284913
-1.567265740775023e-14 -0.1 22.470549935696678 10.614582044356423
-1.567265740775023e-14 -0.1 24.513327202578196 9.43518403942793
-1.5784565506204658e-14 -0.1 26.556104469459708 8.255786034499438
-1.5784565506204658e-14 -0.1 28.598881736341227 7.076388029570948
-1.6044603040144672e-14 -0.1 30.641659003222742 5.896990024642457
-1.6044603040144672e-14 -0.1 32.68443627010426 4.7175920197139645
-1.605372372296448e-14 -0.1 34.72721353698578 3.5381940147854736
-1.605372372296448e-14 -0.1 36.76999080386729 2.3587960098569822
-1.605372372296448e-14 -0.1 38.8127680707488 1.1793980049284911
-1.617491576463597e-14 -0.1 40.855545337630325 0.0
-1.600065055196032e-14 -0.1 42.89832260451183 -1.1793980049284911
-1.600065055196032e-14 -0.1 44.941099871393355 -2.3587960098569845
-1.6030248865323743e-14 -0.1 46.98387713827487 -3.5381940147854753
-1.59784885485437e-14 -0.1 49.02665440515639 -4.717592019713966
-1.5855011641722497e-14 -0.1 51.0694316720379 -5.896990024642458
-1.5784576854211856e-14 -0.1 53.112208938919416 -7.076388029570949
-1.574798834815572e-14 -0.1 55.15498620580094 -8.25578603449944
-1.544447509210706e-14 -0.1 57.19776347268245 -9.43518403942793
-1.5705858243882756e-14 -0.1 59.24054073956396 -10.614582044356423
-1.5705858243882756e-14 -0.1 61.283318006445484 -11.793980049284913
-1.5705858243882756e-14 -0.1 63.326095273327 -12.973378054213404
-1.5705858243882756e-14 -0.1 65.36887254020851 -14.152776059141896
-1.5305016813169702e-14 -0.1 67.41164980709004 -15.33217406407039
-1.5412777056661493e-14 -0.1 69.45442707397156 -16.51157206899888
-1.5412777056661493e-14 -0.1 71.49720434085306 -17.69097007392737
-1.5416577185099635e-14 -0.1 73.53998160773459 -18.870368078855865
-1.5462848525521357e-14 -0.1 75.5827588746161 -20.049766083784352
-1.5462848525521357e-14 -0.1 77.6255361414976 -21.22916408871285
-1.5536137043062605e-14 -0.1 79.66831340837913 -22.408562093641336
-1.566442988797049e-14 -0.1 22.470549935696674 12.973378054213404
-1.582470530128998e-14 -0.1 24.513327202578193 11.793980049284913
-1.579218125127059e-14 -0.1 26.556104469459708 10.614582044356423
-1.5926140140441994e-14 -0.1 28.59888173634122 9.435184039427929
-1.5926140140441994e-14 -0.1 30.64165900322274 8.255786034499438
-1.6066843423130422e-14 -0.1 32.68443627010426 7.076388029570948
-1.6066843423130422e-14 -0.1 34.72721353698577 5.896990024642456
-1.6175422851791247e-14 -0.1 36.76999080386729 4.7175920197139645
-1.6046263652624812e-14 -0.1 38.8127680707488 3.5381940147854736
-1.592488641156102e-14 -0.1 40.855545337630325 2.3587960098569822
-1.5999929935664292e-14 -0.1 42.89832260451183 1.1793980049284911
-1.6027539599295087e-14 -0.1 44.94109987139335 0.0
-1.6027539599295087e-14 -0.1 46.98387713827487 -1.1793980049284931
-1.6111147609232322e-14 -0.1 49.02665440515639 -2.3587960098569845
-1.6111147609232322e-14 -0.1 51.069431672037894 -3.5381940147854753
-1.6004923910426474e-14 -0.1 53.112208938919416 -4.717592019713966
-1.5436848976870643e-14 -0.1 55.15498620580094 -5.896990024642458
-1.5436848976870643e-14 -0.1 57.19776347268244 -7.076388029570949
-1.580892248493665e-14 -0.1 59.24054073956396 -8.25578603449944
-1.5764373158428175e-14 -0.1 61.28331800644548 -9.43518403942793
-1.5707838812079276e-14 -0.1 63.326095273327 -10.614582044356423
-1.5297019857399374e-14 -0.1 65.36887254020851 -11.793980049284913
-1.5585065437662433e-14 -0.1 67.41164980709003 -12.973378054213404
-1.5063023010942797e-14 -0.1 69.45442707397156 -14.1527760591419
-1.5486766878499846e-14 -0.1 71.49720434085306 -15.33217406407039
-1.554191306872435e-14 -0.1 73.53998160773457 -16.51157206899888
-1.547648922832106e-14 -0.1 75.5827588746161 -17.69097007392737
-1.547648922832106e-14 -0.1 77.6255361414976 -18.870368078855865
-1.552133940937756e-14 -0.1 79.66831340837912 -20.049766083784352
-1.5284178552421607e-14 -0.1 81.71109067526065 -21.22916408871285
-1.5653724653468695e-14 -0.1 24.513327202578196 14.152776059141898
-1.5981238526285956e-14 -0.1 26.55610446945971 12.973378054213406
-1.5981238526285956e-14 -0.1 28.59888173634123 11.793980049284915
-1.5977115205093107e-14 -0.1 30.641659003222742 10.614582044356425
-1.5977115205093107e-14 -0.1 32.68443627010426 9.435184039427932
-1.5866105129752836e-14 -0.1 34.72721353698578 8.25578603449944
-1.602841524078739e-14 -0.1 36.769990803867294 7.076388029570949
-1.5915382985852248e-14 -0.1 38.81276807074881 5.896990024642458
-1.6159804862197714e-14 -0.1 40.855545337630325 4.717592019713966
-1.6159804862197714e-14 -0.1 42.89832260451184 3.5381940147854753
-1.6159804862197714e-14 -0.1 44.941099871393355 2.3587960098569845
-1.5686935744790074e-14 -0.1 46.98387713827487 1.1793980049284931
-1.6102445927956158e-14 -0.1 49.02665440515639 0.0
-1.6025382613891424e-14 -0.1 51.06943167203791 -1.1793980049284911
-1.6019341835597395e-14 -0.1 53.112208938919416 -2.3587960098569822
-1.5961709883240865e-14 -0.1 55.15498620580094 -3.5381940147854736
-1.5961709883240865e-14 -0.1 57.19776347268246 -4.7175920197139645
-1.52529169580374e-14 -0.1 59.24054073956396 -5.896990024642456
-1.540837864523883e-14 -0.1 61.283318006445484 -7.076388029570947
-1.5742326309767955e-14 -0.1 63.326095273327 -8.255786034499438
-1.5742326309767955e-14 -0.1 65.36887254020851 -9.435184039427929
-1.5641043901244676e-14 -0.1 67.41164980709003 -10.61458204435642
-1.5570304419407224e-14 -0.1 69.45442707397154 -11.793980049284912
-1.5570304419407224e-14 -0.1 71.49720434085307 -12.973378054213406
-1.570535006023437e-14 -0.1 73.53998160773459 -14.152776059141898
-1.5691411064832715e-14 -0.1 75.5827588746161 -15.332174064070388
-1.5706389788532973e-14 -0.1 77.62553614149762 -16.51157206899888
-1.5685340623772286e-14 -0.1 79.66831340837913 -17.69097007392737
-1.5672103381442092e-14 -0.1 81.71109067526065 -18.87036807885586
-1.5746714686203918e-14 -0.1 83.75386794214216 -20.049766083784352
-1.588631136370847e-14 -0.1 26.55610446945971 15.332174064070388
-1.588631136370847e-14 -0.1 28.59888173634123 14.152776059141898
-1.5773049208447178e-14 -0.1 30.641659003222745 12.973378054213406
-1.595511564599166e-14 -0.1 32.684436270104264 11.793980049284915
-1.6033082702056175e-14 -0.1 34.72721353698578 10.614582044356425
-1.6110579812020757e-14 -0.1 36.769990803867294 9.435184039427932
-1.6084802804339794e-14 -0.1 38.81276807074881 8.25578603449944
-1.573246681202818e-14 -0.1 40.855545337630325 7.076388029570949
-1.601661590790875e-14 -0.1 42.89832260451184 5.896990024642458
-1.5237348434595714e-14 -0.1 44.941099871393355 4.717592019713966
-1.601357227224367e-14 -0.1 46.98387713827487 3.5381940147854753
-1.601357227224367e-14 -0.1 49.02665440515639 2.3587960098569845
-1.601357227224367e-14 -0.1 51.06943167203791 1.1793980049284911
-1.6046960324072207e-14 -0.1 53.11220893891942 0.0
-1.5898446279454502e-14 -0.1 55.15498620580094 -1.1793980049284911
-1.5898446279454502e-14 -0.1 57.19776347268246 -2.3587960098569822
-1.590435395277476e-14 -0.1 59.24054073956397 -3.5381940147854736
-1.5785582817756705e-14 -0.1 61.283318006445484 -4.7175920197139645
-1.589209175347681e-14 -0.1 63.326095273327006 -5.896990024642456
-1.5774766658478236e-14 -0.1 65.36887254020851 -7.076388029570947
-1.5709659052431452e-14 -0.1 67.41164980709003 -8.255786034499438
-1.5770071492693357e-14 -0.1 69.45442707397156 -9.435184039427929
-1.56077697117085e-14 -0.1 71.49720434085306 -10.61458204435642
-1.56077697117085e-14 -0.1 73.53998160773459 -11.793980049284915
-1.56077697117085e-14 -0.1 75.5827588746161 -12.973378054213406
-1.5701065844560275e-14 -0.1 77.62553614149762 -14.152776059141898
-1.5677296707184683e-14 -0.1 79.66831340837913 -15.332174064070388
-1.5677296707184683e-14 -0.1 81.71109067526065 -16.51157206899888
-1.5780108322081412e-14 -0.1 83.75386794214216 -17.69097007392737
-1.583766545027374e-14 -0.1 85.79664520902368 -18.87036807885586
-1.5775933412320013e-14 -0.1 28.598881736341227 16.51157206899888
-1.5921906536854156e-14 -0.1 30.641659003222742 15.332174064070388
-1.5830571548233864e-14 -0.1 32.68443627010426 14.152776059141898
-1.5962364072343363e-14 -0.1 34.72721353698578 12.973378054213406
-1.5651544077692353e-14 -0.1 36.76999080386729 11.793980049284915
-1.5916049177575434e-14 -0.1 38.8127680707488 10.614582044356425
-1.5916049177575434e-14 -0.1 40.855545337630325 9.43518403942793
-1.58591201171656e-14 -0.1 42.89832260451183 8.25578603449944
-1.58591201171656e-14 -0.1 44.941099871393355 7.076388029570949
-1.598662870262865e-14 -0.1 46.98387713827487 5.896990024642458
-1.598662870262865e-14 -0.1 49.02665440515639 4.717592019713966
-1.5923511792242685e-14 -0.1 51.069431672037894 3.5381940147854753
-1.5943680542829088e-14 -0.1 53.112208938919416 2.3587960098569822
-1.566502222576154e-14 -0.1 55.15498620580094 1.1793980049284911
-1.5472661401999582e-14 -0.1 57.19776347268245 0.0
-1.5931016925561698e-14 -0.1 59.24054073956396 -1.1793980049284911
-1.5783677343963156e-14 -0.1 61.283318006445484 -2.3587960098569822
-1.5976346871320895e-14 -0.1 63.326095273327 -3.5381940147854736
-1.5976346871320895e-14 -0.1 65.36887254020851 -4.7175920197139645
-1.5324719449721032e-14 -0.1 67.41164980709003 -5.896990024642456
-1.5426748065972907e-14 -0.1 69.45442707397156 -7.076388029570947
-1.5426748065972907e-14 -0.1 71.49720434085306 -8.255786034499438
-1.5920139673131366e-14 -0.1 73.53998160773457 -9.435184039427929
-1.5920139673131366e-14 -0.1 75.5827588746161 -10.614582044356425
-1.5769153664471478e-14 -0.1 77.62553614149762 -11.793980049284915
-1.5837908899783445e-14 -0.1 79.66831340837912 -12.973378054213406
-1.5745971283801024e-14 -0.1 81.71109067526065 -14.152776059141898
-1.601586222635694e-14 -0.1 83.75386794214216 -15.332174064070388
-1.5819866073270065e-14 -0.1 85.79664520902367 -16.51157206899888
-1.5912916052859752e-14 -0.1 87.8394224759052 -17.69097007392737
-1.584587501812107e-14 -0.1 30.641659003222742 17.69097007392737
-1.586675201999785e-14 -0.1 32.68443627010426 16.51157206899888
-1.592445053999269e-14 -0.1 34.72721353698578 15.332174064070388
-1.574155515705156e-14 -0.1 36.76999080386729 14.152776059141898
-1.600143628053894e-14 -0.1 38.81276807074881 12.973378054213406
-1.5977256386092278e-14 -0.1 40.855545337630325 11.793980049284915
-1.595412461078455e-14 -0.1 42.89832260451184 10.614582044356423
-1.580991009062834e-14 -0.1 44.941099871393355 9.43518403942793
-1.5964037702593107e-14 -0.1 46.98387713827487 8.25578603449944
-1.5883850404433485e-14 -0.1 49.02665440515639 7.076388029570949
-1.601580641850886e-14 -0.1 51.0694316720379 5.896990024642458
-1.601580641850886e-14 -0.1 53.112208938919416 4.717592019713966
-1.601580641850886e-14 -0.1 55.15498620580094 3.5381940147854736
-1.5461143953088045e-14 -0.1 57.19776347268246 2.3587960098569822
-1.6009603613214794e-14 -0.1 59.24054073956396 1.1793980049284911
-1.5993753246859284e-14 -0.1 61.283318006445484 0.0
-1.591573205043283e-14 -0.1 63.326095273327006 -1.1793980049284911
-1.5976295106464696e-14 -0.1 65.36887254020851 -2.3587960098569822
-1.582267369763783e-14 -0.1 67.41164980709003 -3.5381940147854736
-1.5999103520317458e-14 -0.1 69.45442707397154 -4.7175920197139645
-1.5197274941390496e-14 -0.1 71.49720434085306 -5.896990024642456
-1.5866689278681008e-14 -0.1 73.53998160773457 -7.076388029570947
-1.5708226456270197e-14 -0.1 75.5827588746161 -8.255786034499438
-1.5947910705551455e-14 -0.1 77.62553614149762 -9.435184039427932
-1.5560834939363875e-14 -0.1 79.66831340837913 -10.614582044356425
-1.5803669702758402e-14 -0.1 81.71109067526065 -11.793980049284915
-1.559903059003574e-14 -0.1 83.75386794214216 -12.973378054213406
-1.559903059003574e-14 -0.1 85.79664520902368 -14.152776059141898
-1.5834624854370967e-14 -0.1 87.8394224759052 -15.332174064070388
-1.5739816843544935e-14 -0.1 89.88219974278671 -16.51157206899888
-1.5879944911486078e-14 -0.1 32.68443627010426 18.87036807885586
-1.5879944911486078e-14 -0.1 34.72721353698578 17.69097007392737
-1.587088711988138e-14 -0.1 36.76999080386729 16.51157206899888
-1.587088711988138e-14 -0.1 38.81276807074881 15.332174064070388
-1.5875029312897787e-14 -0.1 40.855545337630325 14.152776059141898
-1.5875029312897787e-14 -0.1 42.89832260451184 12.973378054213406
-1.5875029312897787e-14 -0.1 44.941099871393355 11.793980049284913
-1.5858253476032194e-14 -0.1 46.98387713827487 10.614582044356423
-1.581896980076258e-14 -0.1 49.02665440515639 9.43518403942793
-1.5935167238338102e-14 -0.1 51.0694316720379 8.25578603449944
-1.5840504118579558e-14 -0.1 53.112208938919416 7.076388029570949
-1.5976287876998004e-14 -0.1 55.15498620580094 5.896990024642458
-1.5104368095488763e-14 -0.1 57.19776347268246 4.7175920197139645
-1.597185403671991e-14 -0.1 59.24054073956397 3.5381940147854736
-1.597185403671991e-14 -0.1 61.283318006445484 2.3587960098569822
-1.5997477434106377e-14 -0.1 63.326095273327006 1.1793980049284911
-1.5997477434106377e-14 -0.1 65.36887254020851 0.0
-1.6036253669742318e-14 -0.1 67.41164980709003 -1.1793980049284911
-1.6007046434361867e-14 -0.1 69.45442707397156 -2.3587960098569822
-1.6071310212604223e-14 -0.1 71.49720434085306 -3.5381940147854736
-1.6029410220935022e-14 -0.1 73.53998160773457 -4.7175920197139645
-1.599451731533308e-14 -0.1 75.5827588746161 -5.896990024642456
-1.5934947350963413e-14 -0.1 77.6255361414976 -7.076388029570947
-1.6039028866057327e-14 -0.1 79.66831340837913 -8.255786034499442
-1.612502686278832e-14 -0.1 81.71109067526065 -9.435184039427932
-1.612502686278832e-14 -0.1 83.75386794214216 -10.614582044356425
-1.6031603047768577e-14 -0.1 85.79664520902368 -11.793980049284915
-1.5877356020185417e-14 -0.1 87.8394224759052 -12.973378054213406
-1.5877356020185417e-14 -0.1 89.88219974278671 -14.152776059141898
-1.5968902890575948e-14 -0.1 91.92497700966824 -15.332174064070388
-1.58991813999247e-14 -0.1 34.72721353698577 20.049766083784352
-1.5609392475335322e-14 -0.1 36.76999080386729 18.87036807885586
-1.5885839558819855e-14 -0.1 38.8127680707488 17.69097007392737
-1.5013647821894677e-14 -0.1 40.855545337630325 16.51157206899888
-1.5736680326003092e-14 -0.1 42.89832260451183 15.332174064070388
-1.5701351987222294e-14 -0.1 44.94109987139335 14.152776059141898
-1.5701351987222294e-14 -0.1 46.98387713827487 12.973378054213404
-1.583501557518418e-14 -0.1 49.026654405156386 11.793980049284913
-1.5307708338319012e-14 -0.1 51.0694316720379 10.614582044356423
-1.5307708338319012e-14 -0.1 53.112208938919416 9.43518403942793
-1.5860243940126333e-14 -0.1 55.15498620580094 8.25578603449944
-1.5778481451526033e-14 -0.1 57.19776347268244 7.076388029570949
-1.586699020793902e-14 -0.1 59.24054073956396 5.896990024642456
-1.586699020793902e-14 -0.1 61.283318006445484 4.7175920197139645
-1.5891264190852327e-14 -0.1 63.326095273327 3.5381940147854736
-1.5891264190852327e-14 -0.1 65.36887254020851 2.3587960098569822
-1.5918284741742275e-14 -0.1 67.41164980709003 1.1793980049284911
-1.6028959981033982e-14 -0.1 69.45442707397154 0.0
-1.5916557987483328e-14 -0.1 71.49720434085306 -1.1793980049284911
-1.5916557987483328e-14 -0.1 73.53998160773457 -2.3587960098569822
-1.557729445653948e-14 -0.1 75.5827588746161 -3.5381940147854736
-1.6036149485511736e-14 -0.1 77.6255361414976 -4.7175920197139645
-1.598636266216947e-14 -0.1 79.66831340837912 -5.896990024642456
-1.607775536027087e-14 -0.1 81.71109067526065 -7.076388029570951
-1.6031890710214316e-14 -0.1 83.75386794214216 -8.255786034499442
-1.594307008735065e-14 -0.1 85.79664520902367 -9.435184039427932
-1.6006419165264274e-14 -0.1 87.8394224759052 -10.614582044356425
-1.59543685625381e-14 -0.1 89.88219974278671 -11.793980049284915
-1.59543685625381e-14 -0.1 91.92497700966821 -12.973378054213406
-1.5868905822068795e-14 -0.1 93.96775427654974 -14.152776059141898
-1.5868905822068795e-14 -0.1 36.76999080386729 21.229164088712846
-1.5792299534752855e-14 -0.1 38.8127680707488 20.049766083784352
-1.568788407805134e-14 -0.1 40.855545337630325 18.87036807885586
-1.5625731008379114e-14 -0.1 42.89832260451183 17.69097007392737
-1.5653372380229783e-14 -0.1 44.941099871393355 16.51157206899888
-1.581552280908833e-14 -0.1 46.98387713827487 15.332174064070388
-1.5662003088974667e-14 -0.1 49.02665440515639 14.152776059141896
-1.569838356593471e-14 -0.1 51.0694316720379 12.973378054213404
-1.566860219675196e-14 -0.1 53.112208938919416 11.793980049284913
-1.5655272018376208e-14 -0.1 55.15498620580094 10.614582044356423
-1.5737704088522756e-14 -0.1 57.19776347268245 9.43518403942793
-1.5716777336766952e-14 -0.1 59.24054073956396 8.25578603449944
-1.5856670756903542e-14 -0.1 61.283318006445484 7.076388029570947
-1.5916373447740675e-14 -0.1 63.326095273327006 5.896990024642456
-1.5873061613081255e-14 -0.1 65.36887254020851 4.7175920197139645
-1.5475301363767146e-14 -0.1 67.41164980709003 3.5381940147854736
-1.5887113173107888e-14 -0.1 69.45442707397156 2.3587960098569822
-1.5780403612978422e-14 -0.1 71.49720434085306 1.1793980049284911
-1.5554225881373757e-14 -0.1 73.53998160773457 0.0
-1.593472081411989e-14 -0.1 75.5827588746161 -1.1793980049284911
-1.5839411960336345e-14 -0.1 77.6255361414976 -2.3587960098569822
-1.6154447202496098e-14 -0.1 79.66831340837912 -3.5381940147854736
-1.594359421693493e-14 -0.1 81.71109067526065 -4.7175920197139645
-1.6035355574993002e-14 -0.1 83.75386794214216 -5.896990024642459
-1.6035355574993002e-14 -0.1 85.79664520902368 -7.076388029570951
-1.606498689850979e-14 -0.1 87.8394224759052 -8.255786034499442
-1.606498689850979e-14 -0.1 89.88219974278671 -9.435184039427932
-1.5748183371397353e-14 -0.1 91.92497700966824 -10.614582044356425
-1.5748183371397353e-14 -0.1 93.96775427654974 -11.793980049284915
-1.5748183371397353e-14 -0.1 96.01053154343126 -12.973378054213406
-1.575614339986156e-14 -0.1 38.8127680707488 22.408562093641336
-1.5610162011418975e-14 -0.1 40.85554533763032 21.229164088712846
-1.5675350069154867e-14 -0.1 42.89832260451183 20.049766083784352
-1.5606477795383623e-14 -0.1 44.94109987139335 18.87036807885586
-1.5062502021876197e-14 -0.1 46.98387713827487 17.69097007392737
-1.511048127597263e-14 -0.1 49.026654405156386 16.51157206899888
-1.541551224403409e-14 -0.1 51.069431672037894 15.332174064070387
-1.5240306617355847e-14 -0.1 53.112208938919416 14.152776059141896
-1.558064439974487e-14 -0.1 55.15498620580093 12.973378054213404
-1.526061725346272e-14 -0.1 57.19776347268244 11.793980049284913
-1.550769378609003e-14 -0.1 59.24054073956396 10.614582044356423
-1.550769378609003e-14 -0.1 61.28331800644548 9.43518403942793
-1.550769378609003e-14 -0.1 63.326095273327 8.255786034499438
-1.584056316346046e-14 -0.1 65.36887254020851 7.076388029570947
-1.5156917030552635e-14 -0.1 67.41164980709003 5.896990024642456
-1.5156917030552635e-14 -0.1 69.45442707397154 4.7175920197139645
-1.6107542109367115e-14 -0.1 71.49720434085306 3.5381940147854736
-1.6053302323024872e-14 -0.1 73.53998160773457 2.3587960098569822
-1.6053302323024872e-14 -0.1 75.5827588746161 1.1793980049284911
-1.6161633898400493e-14 -0.1 77.6255361414976 0.0
-1.5917322646920405e-14 -0.1 79.66831340837912 -1.1793980049284911
-1.5917322646920405e-14 -0.1 81.71109067526065 -2.3587960098569822
-1.5917322646920405e-14 -0.1 83.75386794214215 -3.5381940147854736
-1.5674434003877028e-14 -0.1 85.79664520902368 -4.717592019713969
-1.5986212127755664e-14 -0.1 87.8394224759052 -5.896990024642459
-1.6074941123866673e-14 -0.1 89.8821997427867 -7.076388029570951
-1.5378554260930113e-14 -0.1 91.92497700966824 -8.255786034499442
-1.5907973089770415e-14 -0.1 93.96775427654974 -9.435184039427932
-1.58985828534466e-14 -0.1 96.01053154343124 -10.614582044356425
-1.5265556873367153e-14 -0.1 98.05330881031279 -11.793980049284915
-1.558380872708967e-14 -0.1 40.855545337630325 23.587960098569827
-1.558380872708967e-14 -0.1 42.89832260451183 22.408562093641336
-1.544841766364661e-14 -0.1 44.941099871393355 21.229164088712846
-1.512522980725348e-14 -0.1 46.98387713827487 20.049766083784352
-1.543662069146664e-14 -0.1 49.02665440515639 18.87036807885586
-1.5278247288706998e-14 -0.1 51.0694316720379 17.69097007392737
-1.5459772269397395e-14 -0.1 53.112208938919416 16.511572068998877
-1.5321101231160112e-14 -0.1 55.15498620580094 15.332174064070387
-1.5482901357736116e-14 -0.1 57.19776347268245 14.152776059141896
-1.510561150620912e-14 -0.1 59.24054073956396 12.973378054213404
-1.5252283823818264e-14 -0.1 61.283318006445484 11.793980049284913
-1.5583013281883628e-14 -0.1 63.326095273327 10.614582044356423
-1.582373411239466e-14 -0.1 65.36887254020851 9.435184039427929
-1.5811998503694022e-14 -0.1 67.41164980709003 8.255786034499438
-1.5952645708784507e-14 -0.1 69.45442707397156 7.076388029570947
-1.5901184988115976e-14 -0.1 71.49720434085306 5.896990024642456
-1.6044116385990734e-14 -0.1 73.53998160773457 4.7175920197139645
-1.6044116385990734e-14 -0.1 75.5827588746161 3.5381940147854736
-1.5950087743208835e-14 -0.1 77.6255361414976 2.3587960098569822
-1.6020374950642696e-14 -0.1 79.66831340837912 1.1793980049284911
-1.6180924770238564e-14 -0.1 81.71109067526065 0.0
-1.6180924770238564e-14 -0.1 83.75386794214215 -1.1793980049284911
-1.615340244952582e-14 -0.1 85.79664520902367 -2.3587960098569822
-1.601746653029167e-14 -0.1 87.8394224759052 -3.538194014785477
-1.5843361789206713e-14 -0.1 89.88219974278671 -4.717592019713969
-1.5843361789206713e-14 -0.1 91.92497700966824 -5.896990024642459
-1.5838410765025783e-14 -0.1 93.96775427654974 -7.076388029570951
-1.5849133884058583e-14 -0.1 96.01053154343126 -8.255786034499442
-1.5621955562670233e-14 -0.1 98.05330881031279 -9.435184039427932
-1.559307197490127e-14 -0.1 100.09608607719429 -10.614582044356425
-1.559307197490127e-14 -0.1 42.89832260451183 24.767358103498317
-1.535661588794612e-14 -0.1 44.94109987139335 23.587960098569827
-1.5368347035682065e-14 -0.1 46.98387713827487 22.408562093641336
-1.508033858736428e-14 -0.1 49.026654405156386 21.229164088712846
-1.508033858736428e-14 -0.1 51.0694316720379 20.049766083784352
-1.5314767018553548e-14 -0.1 53.112208938919416 18.87036807885586
-1.5292843285744598e-14 -0.1 55.15498620580094 17.690970073927367
-1.539114840877605e-14 -0.1 57.19776347268245 16.511572068998877
-1.539114840877605e-14 -0.1 59.24054073956396 15.332174064070387
-1.5437807616797182e-14 -0.1 61.283318006445484 14.152776059141896
-1.5039884719859842e-14 -0.1 63.326095273327 12.973378054213404
-1.5601134959562862e-14 -0.1 65.36887254020851 11.793980049284913
-1.573264878212163e-14 -0.1 67.41164980709003 10.61458204435642
-1.5810014164379606e-14 -0.1 69.45442707397156 9.435184039427929
-1.5832480879192407e-14 -0.1 71.49720434085306 8.255786034499438
-1.5931019197281996e-14 -0.1 73.53998160773457 7.076388029570947
-1.6026858883506796e-14 -0.1 75.5827588746161 5.896990024642456
-1.6026858883506796e-14 -0.1 77.6255361414976 4.7175920197139645
-1.6142718375012516e-14 -0.1 79.66831340837912 3.5381940147854736
-1.6131590443859783e-14 -0.1 81.71109067526065 2.3587960098569822
-1.6131590443859783e-14 -0.1 83.75386794214215 1.1793980049284911
-1.614039293670485e-14 -0.1 85.79664520902367 0.0
-1.614039293670485e-14 -0.1 87.8394224759052 -1.1793980049284911
-1.609672060059965e-14 -0.1 89.88219974278671 -2.3587960098569862
-1.5895529869682757e-14 -0.1 91.92497700966824 -3.538194014785477
-1.5883779140285238e-14 -0.1 93.96775427654974 -4.717592019713969
-1.5883779140285238e-14 -0.1 96.01053154343126 -5.896990024642459
-1.5883779140285238e-14 -0.1 98.05330881031279 -7.076388029570951
-1.5673073674261302e-14 -0.1 100.09608607719429 -8.255786034499442
-1.557761916118479e-14 -0.1 102.1388633440758 -9.435184039427932
-1.531607460763108e-14 -0.1 44.94109987139335 25.946756108426808
-1.506324266078832e-14 -0.1 46.98387713827486 24.767358103498317
-1.5269540673465456e-14 -0.1 49.026654405156386 23.587960098569827
-1.5090339066071137e-14 -0.1 51.069431672037894 22.408562093641336
-1.520081475959018e-14 -0.1 53.112208938919416 21.229164088712846
-1.5080651164582562e-14 -0.1 55.15498620580093 20.049766083784352
-1.5250328863922676e-14 -0.1 57.19776347268244 18.870368078855858
-1.50711373837501e-14 -0.1 59.24054073956396 17.690970073927367
-1.5347226829856388e-14 -0.1 61.28331800644548 16.511572068998877
-1.5347226829856388e-14 -0.1 63.32609527332699 15.332174064070387
-1.5502324361671156e-14 -0.1 65.36887254020851 14.152776059141896
-1.540653587599216e-14 -0.1 67.41164980709003 12.973378054213404
-1.5653389686006835e-14 -0.1 69.45442707397154 11.793980049284912
-1.5801314735244916e-14 -0.1 71.49720434085306 10.61458204435642
-1.5801314735244916e-14 -0.1 73.53998160773457 9.435184039427929
-1.5930640695280166e-14 -0.1 75.5827588746161 8.255786034499438
-1.5930640695280166e-14 -0.1 77.6255361414976 7.076388029570947
-1.605129525794933e-14 -0.1 79.66831340837912 5.896990024642456
-1.61567623110086e-14 -0.1 81.71109067526065 4.7175920197139645
-1.5859042291051967e-14 -0.1 83.75386794214215 3.5381940147854736
-1.6174334821416978e-14 -0.1 85.79664520902367 2.3587960098569822
-1.6003332158115608e-14 -0.1 87.8394224759052 1.1793980049284911
-1.6003332158115608e-14 -0.1 89.8821997427867 0.0
-1.5954250598417828e-14 -0.1 91.92497700966824 -1.1793980049284951
-1.5818187937176614e-14 -0.1 93.96775427654974 -2.3587960098569862
-1.5803692547350004e-14 -0.1 96.01053154343124 -3.538194014785477
-1.5683542029762314e-14 -0.1 98.05330881031279 -4.717592019713969
-1.5621736194708732e-14 -0.1 100.09608607719429 -5.896990024642459
-1.5501509071586448e-14 -0.1 102.13886334407579 -7.076388029570951
-1.5207625586933296e-14 -0.1 104.18164061095733 -8.255786034499442
-1.5207625586933296e-14 -0.1 46.98387713827488 27.126154113355305
-1.5178638438531902e-14 -0.1 49.02665440515639 25.94675610842681
-1.5178638438531902e-14 -0.1 51.06943167203791 24.76735810349832
-1.5178638438531902e-14 -0.1 53.11220893891942 23.58796009856983
-1.5122776293529206e-14 -0.1 55.154986205800945 22.40856209364134
-1.4595764071119052e-14 -0.1 57.19776347268246 21.22916408871285
-1.5138934303732163e-14 -0.1 59.240540739563976 20.049766083784352
-1.5212476478376724e-14 -0.1 61.28331800644549 18.870368078855865
-1.5272905562444303e-14 -0.1 63.326095273327006 17.69097007392737
-1.5165748797208283e-14 -0.1 65.36887254020853 16.51157206899888
-1.5508137704249814e-14 -0.1 67.41164980709004 15.33217406407039
-1.556122078676567e-14 -0.1 69.45442707397156 14.1527760591419
-1.556122078676567e-14 -0.1 71.49720434085307 12.973378054213406
-1.5729574802381486e-14 -0.1 73.53998160773459 11.793980049284915
-1.5729574802381486e-14 -0.1 75.5827588746161 10.614582044356425
-1.5997453367169975e-14 -0.1 77.62553614149762 9.435184039427932
-1.5937149711611933e-14 -0.1 79.66831340837913 8.255786034499442
-1.6097690493754252e-14 -0.1 81.71109067526065 7.076388029570951
-1.5929240883978026e-14 -0.1 83.75386794214216 5.896990024642459
-1.6162593977142305e-14 -0.1 85.79664520902368 4.717592019713969
-1.5975563841228814e-14 -0.1 87.8394224759052 3.538194014785477
-1.6012000691372817e-14 -0.1 89.88219974278671 2.3587960098569862
-1.591008906315247e-14 -0.1 91.92497700966824 1.1793980049284951
-1.5708621967313017e-14 -0.1 93.96775427654975 0.0
-1.5213833911015982e-14 -0.1 96.01053154343127 -1.1793980049284911
-1.567101722148393e-14 -0.1 98.05330881031279 -2.3587960098569822
-1.519533927805814e-14 -0.1 100.0960860771943 -3.5381940147854736
-1.545347357880156e-14 -0.1 102.13886334407582 -4.7175920197139645
-1.5104914928948108e-14 -0.1 104.18164061095733 -5.896990024642456
-1.4868205931465145e-14 -0.1 106.22441787783885 -7.076388029570947
-1.4905950908728478e-14 -0.1 49.02665440515639 28.305552118283796
-1.4975454931843804e-14 -0.1 51.0694316720379 27.126154113355305
-1.4918725550404066e-14 -0.1 53.11220893891942 25.94675610842681
-1.48194972481366e-14 -0.1 55.15498620580094 24.76735810349832
-1.48194972481366e-14 -0.1 57.19776347268246 23.58796009856983
-1.5038874719231664e-14 -0.1 59.24054073956397 22.40856209364134
-1.502421877902974e-14 -0.1 61.283318006445484 21.22916408871285
-1.503720506365767e-14 -0.1 63.326095273327006 20.049766083784352
-1.500732184131382e-14 -0.1 65.36887254020851 18.870368078855865
-1.4698983738173276e-14 -0.1 67.41164980709003 17.69097007392737
-1.4698983738173276e-14 -0.1 69.45442707397156 16.51157206899888
-1.5377937608956754e-14 -0.1 71.49720434085306 15.33217406407039
-1.5377937608956754e-14 -0.1 73.53998160773459 14.152776059141898
-1.5789411267603862e-14 -0.1 75.5827588746161 12.973378054213406
-1.5778683916864307e-14 -0.1 77.62553614149762 11.793980049284915
-1.5845968701186276e-14 -0.1 79.66831340837913 10.614582044356425
-1.604327315229489e-14 -0.1 81.71109067526065 9.435184039427932
-1.5951022480552733e-14 -0.1 83.75386794214216 8.255786034499442
-1.5927320815285667e-14 -0.1 85.79664520902368 7.076388029570951
-1.6093202622642682e-14 -0.1 87.8394224759052 5.896990024642459
-1.5841427279935973e-14 -0.1 89.88219974278671 4.717592019713969
-1.5885529743353958e-14 -0.1 91.92497700966824 3.538194014785477
-1.5989597351530653e-14 -0.1 93.96775427654974 2.3587960098569862
-1.5989597351530653e-14 -0.1 96.01053154343127 1.1793980049284911
-1.5514591287176108e-14 -0.1 98.05330881031279 0.0
-1.5626258721097025e-14 -0.1 100.09608607719429 -1.1793980049284911
-1.529585443285571e-14 -0.1 102.13886334407582 -2.3587960098569822
-1.5131263223695883e-14 -0.1 104.18164061095733 -3.5381940147854736
-1.522630040419193e-14 -0.1 106.22441787783883 -4.7175920197139645
-1.522630040419193e-14 -0.1 108.26719514472038 -5.896990024642456
-1.479001458284344e-14 -0.1 51.0694316720379 29.484950123212286
-1.453168722995451e-14 -0.1 53.112208938919416 28.305552118283796
-1.453168722995451e-14 -0.1 55.15498620580094 27.126154113355305
-1.453168722995451e-14 -0.1 57.19776347268245 25.94675610842681
-1.48980885705365e-14 -0.1 59.24054073956397 24.76735810349832
-1.4954845937425316e-14 -0.1 61.283318006445484 23.58796009856983
-1.505806262107011e-14 -0.1 63.326095273327006 22.408562093641336
-1.512231599780462e-14 -0.1 65.36887254020851 21.22916408871285
-1.5276697393933363e-14 -0.1 67.41164980709003 20.049766083784352
-1.525867938036605e-14 -0.1 69.45442707397156 18.870368078855865
-1.525867938036605e-14 -0.1 71.49720434085306 17.69097007392737
-1.525867938036605e-14 -0.1 73.53998160773457 16.51157206899888
-1.560609187903683e-14 -0.1 75.5827588746161 15.332174064070388
-1.560609187903683e-14 -0.1 77.62553614149762 14.152776059141898
-1.5864876702888765e-14 -0.1 79.66831340837912 12.973378054213406
-1.5864876702888765e-14 -0.1 81.71109067526065 11.793980049284915
-1.575690469165039e-14 -0.1 83.75386794214216 10.614582044356425
-1.606362846036387e-14 -0.1 85.79664520902367 9.435184039427932
-1.606362846036387e-14 -0.1 87.8394224759052 8.255786034499442
-1.5527393799072716e-14 -0.1 89.8821997427867 7.076388029570951
-1.581903931641602e-14 -0.1 91.92497700966824 5.896990024642459
-1.5894677155228783e-14 -0.1 93.96775427654974 4.717592019713969
-1.574614528024564e-14 -0.1 96.01053154343124 3.538194014785477
-1.5704127310321904e-14 -0.1 98.05330881031279 2.3587960098569822
-1.5574502597663448e-14 -0.1 100.09608607719429 1.1793980049284911
-1.5418355775294358e-14 -0.1 102.1388633440758 0.0
-1.535342066497285e-14 -0.1 104.18164061095733 -1.1793980049284911
-1.4983541718673615e-14 -0.1 106.22441787783883 -2.3587960098569822
-1.50949628473485e-14 -0.1 108.26719514472035 -3.5381940147854736
-1.50949628473485e-14 -0.1 110.30997241160188 -4.7175920197139645
-1.50949628473485e-14 -0.1 53.11220893891942 30.664348128140777
-1.50949628473485e-14 -0.1 55.15498620580094 29.484950123212286
-1.4741717812446406e-14 -0.1 57.19776347268246 28.305552118283796
-1.4741717812446406e-14 -0.1 59.24054073956397 27.126154113355305
-1.4864916478227216e-14 -0.1 61.28331800644549 25.94675610842681
-1.4880829543455972e-14 -0.1 63.326095273327006 24.76735810349832
-1.4984705849479528e-14 -0.1 65.36887254020853 23.58796009856983
-1.5124431598561724e-14 -0.1 67.41164980709004 22.408562093641336
-1.5255345449417445e-14 -0.1 69.45442707397156 21.22916408871285
-1.5255345449417445e-14 -0.1 71.49720434085307 20.049766083784352
-1.5255345449417445e-14 -0.1 73.53998160773459 18.870368078855865
-1.5255345449417445e-14 -0.1 75.5827588746161 17.69097007392737
-1.5724886316368834e-14 -0.1 77.62553614149762 16.51157206899888
-1.5655688373849526e-14 -0.1 79.66831340837913 15.332174064070388
-1.5609704328230156e-14 -0.1 81.71109067526065 14.152776059141898
-1.6051123685738037e-14 -0.1 83.75386794214216 12.973378054213406
-1.5939355903712063e-14 -0.1 85.79664520902368 11.793980049284915
-1.5705934773230926e-14 -0.1 87.8394224759052 10.614582044356425
-1.5705934773230926e-14 -0.1 89.88219974278671 9.435184039427932
-1.520700113685145e-14 -0.1 91.92497700966824 8.255786034499442
-1.5284471606032178e-14 -0.1 93.96775427654974 7.076388029570951
-1.5570930518207017e-14 -0.1 96.01053154343126 5.896990024642459
-1.576984087589721e-14 -0.1 98.05330881031279 4.717592019713969
-1.557573057369545e-14 -0.1 100.0960860771943 3.5381940147854736
-1.5399551946484627e-14 -0.1 102.13886334407582 2.3587960098569822
-1.474005010889124e-14 -0.1 104.18164061095733 1.1793980049284911
-1.5033882154773312e-14 -0.1 106.22441787783885 0.0
-1.494688045889423e-14 -0.1 108.26719514472038 -1.1793980049284911
-1.4995281600777637e-14 -0.1 110.30997241160188 -2.3587960098569822
-1.490283366575064e-14 -0.1 112.35274967848339 -3.5381940147854736
-1.4335500392321926e-14 -0.1 55.15498620580094 31.843746133069267
-1.471707776509451e-14 -0.1 57.19776347268245 30.664348128140777
-1.471707776509451e-14 -0.1 59.24054073956397 29.484950123212286
-1.4731659132195245e-14 -0.1 61.283318006445484 28.305552118283796
-1.47671161666702e-14 -0.1 63.326095273327006 27.126154113355305
-1.4375548743471244e-14 -0.1 65.36887254020851 25.94675610842681
-1.443331809584655e-14 -0.1 67.41164980709003 24.767358103498317
-1.443331809584655e-14 -0.1 69.45442707397156 23.58796009856983
-1.507422863710737e-14 -0.1 71.49720434085307 22.408562093641336
-1.526384644543751e-14 -0.1 73.53998160773457 21.22916408871285
-1.5544501103068025e-14 -0.1 75.5827588746161 20.049766083784352
-1.4854343118498724e-14 -0.1 77.6255361414976 18.870368078855865
-1.5832905318498733e-14 -0.1 79.66831340837913 17.69097007392737
-1.5850442936071854e-14 -0.1 81.71109067526065 16.51157206899888
-1.587082303838005e-14 -0.1 83.75386794214216 15.332174064070388
-1.5861836716184922e-14 -0.1 85.79664520902368 14.152776059141898
-1.5861836716184922e-14 -0.1 87.8394224759052 12.973378054213406
-1.5861836716184922e-14 -0.1 89.88219974278671 11.793980049284915
-1.5849042492780647e-14 -0.1 91.92497700966824 10.614582044356425
-1.5682973493532597e-14 -0.1 93.96775427654974 9.435184039427932
-1.57856381780735e-14 -0.1 96.01053154343126 8.255786034499442
-1.57856381780735e-14 -0.1 98.05330881031279 7.076388029570951
-1.5588960381114926e-14 -0.1 100.09608607719429 5.896990024642459
-1.5084618513142093e-14 -0.1 102.13886334407582 4.7175920197139645
-1.4960307224720476e-14 -0.1 104.18164061095733 3.5381940147854736
-1.5222156797024284e-14 -0.1 106.22441787783883 2.3587960098569822
-1.4965295456719742e-14 -0.1 108.26719514472038 1.1793980049284911
-1.4965295456719742e-14 -0.1 110.30997241160188 0.0
-1.4965295456719742e-14 -0.1 112.35274967848338 -1.1793980049284911
-1.4615412920269334e-14 -0.1 114.39552694536492 -2.3587960098569822
-1.4292134177828577e-14 -0.1 57.19776347268245 33.02314413799776
-1.459196974575344e-14 -0.1 59.24054073956396 31.843746133069267
-1.4534499686978257e-14 -0.1 61.283318006445484 30.664348128140777
-1.4652051096925856e-14 -0.1 63.326095273327 29.484950123212286
-1.478962586341578e-14 -0.1 65.36887254020851 28.305552118283796
-1.473005397994412e-14 -0.1 67.41164980709003 27.126154113355305
-1.495488557187484e-14 -0.1 69.45442707397156 25.94675610842681
-1.495488557187484e-14 -0.1 71.49720434085306 24.767358103498317
-1.5225213446632164e-14 -0.1 73.53998160773457 23.58796009856983
-1.5225213446632164e-14 -0.1 75.5827588746161 22.408562093641336
-1.5225213446632164e-14 -0.1 77.6255361414976 21.22916408871285
-1.5667975601060058e-14 -0.1 79.66831340837912 20.049766083784352
-1.5880614355408e-14 -0.1 81.71109067526065 18.87036807885586
-1.5872822754402287e-14 -0.1 83.75386794214216 17.69097007392737
-1.5963423477867745e-14 -0.1 85.79664520902367 16.51157206899888
-1.5986227543755086e-14 -0.1 87.8394224759052 15.332174064070388
-1.5879722465119673e-14 -0.1 89.88219974278671 14.152776059141898
-1.593539302417794e-14 -0.1 91.92497700966821 12.973378054213406
-1.592865870399845e-14 -0.1 93.96775427654974 11.793980049284915
-1.5237820984498928e-14 -0.1 96.01053154343124 10.614582044356425
-1.5783268527845482e-14 -0.1 98.05330881031279 9.435184039427932
-1.5428215673019294e-14 -0.1 100.09608607719429 8.255786034499442
-1.5509088237262456e-14 -0.1 102.13886334407579 7.076388029570951
-1.5448603547279885e-14 -0.1 104.18164061095733 5.896990024642456
-1.5207966080986634e-14 -0.1 106.22441787783883 4.7175920197139645
-1.4999804587203843e-14 -0.1 108.26719514472035 3.5381940147854736
-1.4999804587203843e-14 -0.1 110.30997241160188 2.3587960098569822
-1.4870662374813957e-14 -0.1 112.35274967848338 1.1793980049284911
-1.466957675033556e-14 -0.1 114.3955269453649 0.0
-1.465730784443885e-14 -0.1 116.43830421224642 -1.1793980049284911
-1.43484714229092e-14 -0.1 59.24054073956397 34.20254214292625
-1.4164122551938656e-14 -0.1 61.283318006445484 33.02314413799776
-1.4675706699907808e-14 -0.1 63.326095273327006 31.843746133069267
-1.4675706699907808e-14 -0.1 65.36887254020851 30.664348128140777
-1.4675706699907808e-14 -0.1 67.41164980709004 29.484950123212286
-1.4675706699907808e-14 -0.1 69.45442707397156 28.305552118283796
-1.5131597191914615e-14 -0.1 71.49720434085307 27.1261541133553
-1.5131597191914615e-14 -0.1 73.53998160773457 25.94675610842681
-1.5231344286034016e-14 -0.1 75.5827588746161 24.767358103498317
-1.5153348262731314e-14 -0.1 77.62553614149762 23.58796009856983
-1.5480139754867217e-14 -0.1 79.66831340837913 22.408562093641336
-1.5711913277569396e-14 -0.1 81.71109067526065 21.22916408871285
-1.575852813417571e-14 -0.1 83.75386794214216 20.049766083784352
-1.5915283576756315e-14 -0.1 85.79664520902368 18.87036807885586
-1.5840812102783594e-14 -0.1 87.8394224759052 17.69097007392737
-1.5840812102783594e-14 -0.1 89.88219974278671 16.51157206899888
-1.5974115434721414e-14 -0.1 91.92497700966824 15.332174064070388
-1.5902287642484835e-14 -0.1 93.96775427654974 14.152776059141898
-1.5952437141614805e-14 -0.1 96.01053154343126 12.973378054213406
-1.529996998435997e-14 -0.1 98.05330881031279 11.793980049284915
-1.5548726563690272e-14 -0.1 100.09608607719429 10.614582044356425
-1.559150407277761e-14 -0.1 102.1388633440758 9.435184039427932
-1.523016570537334e-14 -0.1 104.18164061095733 8.255786034499442
-1.523016570537334e-14 -0.1 106.22441787783885 7.076388029570947
-1.5035018500359432e-14 -0.1 108.26719514472038 5.896990024642456
-1.5035018500359432e-14 -0.1 110.30997241160188 4.7175920197139645
-1.4913453763413328e-14 -0.1 112.35274967848339 3.5381940147854736
-1.4552229104447107e-14 -0.1 114.39552694536492 2.3587960098569822
-1.4552229104447107e-14 -0.1 116.43830421224642 1.1793980049284911
-1.451980873869806e-14 -0.1 118.48108147912794 0.0
