I Vapp Vdl
-8.580436644769038e-15 -0.12 -0.10177201006118189
-2.005830537900239e-14 -0.08 -0.07758822944892513
-4.285142887161269e-14 -0.04 -0.05304057104504847
-1.7656215561387395e-15 -0.2 -0.1380669928212552
-1.665351718245014e-13 0.04 -0.011045715319889408
-3.0835722370737324e-15 -0.16 -0.1229831459034625
-6.260885243801559e-13 0.12 0.019396177419530605
-1.1882561641867415e-12 0.16 0.04002013539020433
-3.1723038882034073e-13 0.08 0.003433005095157827
-3.4104827166514327e-12 0.25 0.09269901099461611
-2.045880107132362e-12 0.2 0.06329554171412634
-4.739087737463225e-12 0.3 0.11684278175922296
-6.821725804068677e-12 0.45 0.18142631618129185
-5.702756913750106e-12 0.35 0.1271176859598102
-6.377095428115047e-12 0.4 0.14866109699027336
-7.0927936100433525e-12 0.5 0.21810426271027095
-7.25446502972202e-12 0.55 0.2564165859045743
-7.351741423442114e-12 0.6 0.2954005985415867
-7.474871051181646e-12 0.75 0.41129017567157017
-7.449853371079347e-12 0.7 0.3733285287761694
-7.41182795910086e-12 0.65 0.33451543203815065
-2.634110254949102e-16 -0.3 -0.1903115784343494
-8.69008743664671e-14 1.38778e-17 -0.030108444451138236
-1.9076624740966769e-16 -0.4 -0.261533926558806
-1.3227723828644616e-14 -0.1 -0.08985862317859802
-8.690179771042191e-14 -2.77556e-17 -0.030108444451138257
-1.7656215561387395e-15 -0.2 -0.1380669928212552
-2.045880107132362e-12 0.2 0.06329554171412634
-4.739087737463225e-12 0.3 0.11684278175922296
-4.452278144019653e-13 0.1 0.010807092165377445
-6.377095428115047e-12 0.4 0.14866109699027336
