idx I Vapp Center(x) Center(y)
0 -1.865180086450015e-13 -0.1 0.0 0.0
1 -1.866900749032513e-13 -0.1 2.042777266881516 -1.1793980049284913
2 -1.8709808845442578e-13 -0.1 4.085554533763032 -2.3587960098569827
3 -1.87781374333685e-13 -0.1 6.128331800644549 -3.5381940147854745
4 -1.8717203031187594e-13 -0.1 8.171109067526064 -4.717592019713965
5 -1.8743966069949634e-13 -0.1 10.213886334407581 -5.896990024642457
6 -1.8570849687267306e-13 -0.1 12.256663601289098 -7.076388029570949
7 -1.857276450413413e-13 -0.1 14.299440868170613 -8.25578603449944
8 -1.8560672371375288e-13 -0.1 16.34221813505213 -9.43518403942793
9 -1.8595057123227517e-13 -0.1 18.384995401933644 -10.614582044356423
10 -1.8622476358018737e-13 -0.1 20.427772668815162 -11.793980049284913
11 -1.8643681950385625e-13 -0.1 22.470549935696674 -12.973378054213404
12 -1.8554713567843653e-13 -0.1 24.513327202578196 -14.152776059141898
13 -1.8596796787971782e-13 -0.1 26.55610446945971 -15.332174064070388
14 -1.8621891601698785e-13 -0.1 28.598881736341227 -16.51157206899888
15 -1.8556625185158727e-13 -0.1 30.641659003222742 -17.69097007392737
16 -1.8483202215192174e-13 -0.1 32.68443627010426 -18.87036807885586
17 -1.8642029244688718e-13 -0.1 34.72721353698577 -20.049766083784352
18 -1.8634402310204963e-13 -0.1 36.76999080386729 -21.229164088712846
19 -1.8582293416183523e-13 -0.1 38.8127680707488 -22.408562093641336
20 -1.8574366437079226e-13 -0.1 40.855545337630325 -23.587960098569827
21 -1.86084530857109e-13 -0.1 42.89832260451183 -24.767358103498317
22 -1.859220750393867e-13 -0.1 44.94109987139335 -25.946756108426808
23 -1.8706408463926335e-13 -0.1 46.98387713827488 -27.126154113355305
24 -1.86417173444106e-13 -0.1 49.02665440515639 -28.305552118283796
25 -1.864839426685158e-13 -0.1 51.0694316720379 -29.484950123212286
26 -1.8729319932614417e-13 -0.1 53.11220893891942 -30.664348128140777
27 -1.865950029732176e-13 -0.1 55.15498620580094 -31.843746133069267
28 -1.8693518337475412e-13 -0.1 57.19776347268245 -33.02314413799776
29 -1.866068810266648e-13 -0.1 59.24054073956397 -34.20254214292625
30 -1.873920552647205e-13 -0.1 2.042777266881516 1.1793980049284913
31 -1.8713984800438372e-13 -0.1 4.085554533763032 0.0
32 -1.8741469953886324e-13 -0.1 6.128331800644549 -1.1793980049284913
33 -1.862417363709485e-13 -0.1 8.171109067526064 -2.358796009856983
34 -1.870002157427267e-13 -0.1 10.213886334407581 -3.5381940147854745
35 -1.8663376223164066e-13 -0.1 12.256663601289098 -4.717592019713965
36 -1.858335707307173e-13 -0.1 14.299440868170615 -5.896990024642458
37 -1.858335707307173e-13 -0.1 16.34221813505213 -7.076388029570949
38 -1.8623708296898317e-13 -0.1 18.384995401933644 -8.25578603449944
39 -1.8548229055602187e-13 -0.1 20.427772668815162 -9.43518403942793
40 -1.8615723078511009e-13 -0.1 22.470549935696678 -10.614582044356423
41 -1.8570177724334822e-13 -0.1 24.513327202578193 -11.793980049284913
42 -1.8610513972347946e-13 -0.1 26.55610446945971 -12.973378054213406
43 -1.8446989741393072e-13 -0.1 28.59888173634123 -14.152776059141898
44 -1.852943310276782e-13 -0.1 30.641659003222742 -15.332174064070388
45 -1.8513435768947744e-13 -0.1 32.68443627010426 -16.51157206899888
46 -1.8558487328184334e-13 -0.1 34.72721353698578 -17.69097007392737
47 -1.8573469513246568e-13 -0.1 36.76999080386729 -18.87036807885586
48 -1.8635521684204947e-13 -0.1 38.8127680707488 -20.049766083784352
49 -1.8548726435912845e-13 -0.1 40.85554533763032 -21.229164088712846
50 -1.86416788720731e-13 -0.1 42.89832260451183 -22.408562093641336
51 -1.8632615727594367e-13 -0.1 44.94109987139335 -23.587960098569827
52 -1.8616689998716778e-13 -0.1 46.98387713827486 -24.767358103498317
53 -1.8618653268019756e-13 -0.1 49.02665440515639 -25.94675610842681
54 -1.8626154223823276e-13 -0.1 51.0694316720379 -27.126154113355305
55 -1.861585777450508e-13 -0.1 53.112208938919416 -28.305552118283796
56 -1.8720983051899248e-13 -0.1 55.15498620580094 -29.484950123212286
57 -1.8719192244685848e-13 -0.1 57.19776347268245 -30.664348128140777
58 -1.8695379612681912e-13 -0.1 59.24054073956396 -31.843746133069267
59 -1.8636724399431281e-13 -0.1 61.283318006445484 -33.02314413799776
60 -1.867545671150141e-13 -0.1 4.085554533763032 2.3587960098569827
61 -1.8731672418067064e-13 -0.1 6.128331800644549 1.1793980049284913
62 -1.853940611356927e-13 -0.1 8.171109067526064 0.0
63 -1.8650976453021934e-13 -0.1 10.213886334407581 -1.1793980049284916
64 -1.8695681963615924e-13 -0.1 12.256663601289098 -2.3587960098569827
65 -1.8695681963615924e-13 -0.1 14.299440868170613 -3.538194014785474
66 -1.861677038507506e-13 -0.1 16.34221813505213 -4.717592019713966
67 -1.861367490135723e-13 -0.1 18.384995401933644 -5.896990024642458
68 -1.8663572730194048e-13 -0.1 20.427772668815162 -7.076388029570949
69 -1.8577716388165695e-13 -0.1 22.470549935696678 -8.25578603449944
70 -1.8587796793351642e-13 -0.1 24.513327202578196 -9.43518403942793
71 -1.85586360643163e-13 -0.1 26.556104469459708 -10.614582044356423
72 -1.860436138054846e-13 -0.1 28.59888173634123 -11.793980049284915
73 -1.8583570919760547e-13 -0.1 30.641659003222745 -12.973378054213406
74 -1.8551774559576752e-13 -0.1 32.68443627010426 -14.152776059141898
75 -1.8650575878635334e-13 -0.1 34.72721353698578 -15.332174064070388
76 -1.8624478806983377e-13 -0.1 36.76999080386729 -16.51157206899888
77 -1.8583337068807645e-13 -0.1 38.8127680707488 -17.69097007392737
78 -1.8645106770906427e-13 -0.1 40.855545337630325 -18.87036807885586
79 -1.8597017667603795e-13 -0.1 42.89832260451183 -20.049766083784352
80 -1.8515413307279142e-13 -0.1 44.941099871393355 -21.229164088712846
81 -1.8595445656961423e-13 -0.1 46.98387713827487 -22.408562093641336
82 -1.8694521883134968e-13 -0.1 49.026654405156386 -23.587960098569827
83 -1.8665082817186277e-13 -0.1 51.06943167203791 -24.76735810349832
84 -1.8654065462995673e-13 -0.1 53.11220893891942 -25.94675610842681
85 -1.8680538255087707e-13 -0.1 55.15498620580094 -27.126154113355305
86 -1.861793032360723e-13 -0.1 57.19776347268246 -28.305552118283796
87 -1.8677394368111487e-13 -0.1 59.24054073956397 -29.484950123212286
88 -1.8718853998025234e-13 -0.1 61.283318006445484 -30.664348128140777
89 -1.876785630722012e-13 -0.1 63.326095273327006 -31.843746133069267
90 -1.8716641925940651e-13 -0.1 6.128331800644549 3.5381940147854745
91 -1.8723712905641484e-13 -0.1 8.171109067526064 2.358796009856983
92 -1.8657411379320122e-13 -0.1 10.213886334407581 1.1793980049284916
93 -1.8706085066457808e-13 -0.1 12.256663601289098 0.0
94 -1.873017484490286e-13 -0.1 14.299440868170615 -1.1793980049284911
95 -1.8731031240885162e-13 -0.1 16.34221813505213 -2.3587960098569822
96 -1.8582921887530075e-13 -0.1 18.384995401933647 -3.5381940147854745
97 -1.8679119998837483e-13 -0.1 20.427772668815162 -4.717592019713965
98 -1.8610175724972452e-13 -0.1 22.470549935696678 -5.896990024642457
99 -1.8639286322667482e-13 -0.1 24.513327202578196 -7.076388029570948
100 -1.8616337653229306e-13 -0.1 26.556104469459708 -8.255786034499438
101 -1.8628641513853766e-13 -0.1 28.59888173634122 -9.435184039427929
102 -1.8549369534603556e-13 -0.1 30.641659003222742 -10.614582044356425
103 -1.8560101828140505e-13 -0.1 32.684436270104264 -11.793980049284915
104 -1.8552908905121835e-13 -0.1 34.72721353698578 -12.973378054213406
105 -1.8576612733085588e-13 -0.1 36.76999080386729 -14.152776059141898
106 -1.865628563146896e-13 -0.1 38.81276807074881 -15.332174064070388
107 -1.8631043793938148e-13 -0.1 40.855545337630325 -16.51157206899888
108 -1.864014927468129e-13 -0.1 42.89832260451183 -17.69097007392737
109 -1.8670161739664361e-13 -0.1 44.94109987139335 -18.87036807885586
110 -1.8598020148701906e-13 -0.1 46.98387713827487 -20.049766083784352
111 -1.8637218533422214e-13 -0.1 49.026654405156386 -21.229164088712846
112 -1.8637218533422214e-13 -0.1 51.069431672037894 -22.408562093641336
113 -1.8679196668951357e-13 -0.1 53.11220893891942 -23.58796009856983
114 -1.8679196668951357e-13 -0.1 55.15498620580094 -24.76735810349832
115 -1.8567222715014367e-13 -0.1 57.19776347268245 -25.94675610842681
116 -1.8710581171050324e-13 -0.1 59.24054073956397 -27.126154113355305
117 -1.862156221491388e-13 -0.1 61.283318006445484 -28.305552118283796
118 -1.8670535611859512e-13 -0.1 63.326095273327 -29.484950123212286
119 -1.8629891295971123e-13 -0.1 65.36887254020851 -30.664348128140777
120 -1.8727461911488367e-13 -0.1 8.171109067526064 4.717592019713965
121 -1.864269949413663e-13 -0.1 10.213886334407581 3.5381940147854745
122 -1.864269949413663e-13 -0.1 12.256663601289098 2.3587960098569827
123 -1.8646411634882999e-13 -0.1 14.299440868170615 1.1793980049284911
124 -1.8633658234655868e-13 -0.1 16.34221813505213 0.0
125 -1.8599546857378736e-13 -0.1 18.384995401933644 -1.1793980049284911
126 -1.8595054780021234e-13 -0.1 20.427772668815162 -2.358796009856983
127 -1.858756550971419e-13 -0.1 22.470549935696678 -3.5381940147854745
128 -1.865072647899046e-13 -0.1 24.513327202578196 -4.717592019713965
129 -1.8588627356430978e-13 -0.1 26.556104469459708 -5.896990024642457
130 -1.8590437523229992e-13 -0.1 28.598881736341227 -7.076388029570948
131 -1.8576987597322629e-13 -0.1 30.64165900322274 -8.255786034499438
132 -1.8592566424877244e-13 -0.1 32.68443627010426 -9.435184039427932
133 -1.8605989272467513e-13 -0.1 34.72721353698578 -10.614582044356425
134 -1.8526355887144521e-13 -0.1 36.76999080386729 -11.793980049284915
135 -1.846162020001785e-13 -0.1 38.81276807074881 -12.973378054213406
136 -1.8628210927323045e-13 -0.1 40.855545337630325 -14.152776059141898
137 -1.859889937129912e-13 -0.1 42.89832260451183 -15.332174064070388
138 -1.8610441496314313e-13 -0.1 44.941099871393355 -16.51157206899888
139 -1.8690522125404126e-13 -0.1 46.98387713827487 -17.69097007392737
140 -1.8648049027434694e-13 -0.1 49.02665440515639 -18.87036807885586
141 -1.864374283693676e-13 -0.1 51.0694316720379 -20.049766083784352
142 -1.8605687831480416e-13 -0.1 53.112208938919416 -21.229164088712846
143 -1.86736247592679e-13 -0.1 55.154986205800945 -22.40856209364134
144 -1.8655284027594783e-13 -0.1 57.19776347268246 -23.58796009856983
145 -1.8652406974118181e-13 -0.1 59.24054073956397 -24.76735810349832
146 -1.8739610155231696e-13 -0.1 61.28331800644549 -25.94675610842681
147 -1.8597397904271714e-13 -0.1 63.326095273327006 -27.126154113355305
148 -1.8739071837558966e-13 -0.1 65.36887254020851 -28.305552118283796
149 -1.8691231186919593e-13 -0.1 67.41164980709004 -29.484950123212286
150 -1.8686349043342082e-13 -0.1 10.213886334407581 5.896990024642457
151 -1.8667182788889314e-13 -0.1 12.256663601289098 4.717592019713965
152 -1.8733091436937522e-13 -0.1 14.299440868170613 3.538194014785474
153 -1.8588571294787632e-13 -0.1 16.34221813505213 2.3587960098569822
154 -1.8619485391495878e-13 -0.1 18.384995401933644 1.1793980049284911
155 -1.8665970270560268e-13 -0.1 20.427772668815162 0.0
156 -1.8587049160464824e-13 -0.1 22.470549935696678 -1.1793980049284922
157 -1.860349160816857e-13 -0.1 24.513327202578196 -2.358796009856983
158 -1.8559087074071255e-13 -0.1 26.556104469459708 -3.5381940147854745
159 -1.8516957650359712e-13 -0.1 28.598881736341227 -4.717592019713965
160 -1.8533676887201565e-13 -0.1 30.641659003222742 -5.896990024642457
161 -1.8619968370045784e-13 -0.1 32.68443627010426 -7.076388029570948
162 -1.8558385417231158e-13 -0.1 34.72721353698578 -8.25578603449944
163 -1.8478262804097806e-13 -0.1 36.769990803867294 -9.435184039427932
164 -1.8503304383411232e-13 -0.1 38.8127680707488 -10.614582044356425
165 -1.8483541382273465e-13 -0.1 40.855545337630325 -11.793980049284915
166 -1.8532651689040147e-13 -0.1 42.89832260451184 -12.973378054213406
167 -1.8615059229315648e-13 -0.1 44.94109987139335 -14.152776059141898
168 -1.8575805854496404e-13 -0.1 46.98387713827487 -15.332174064070388
169 -1.855603925650597e-13 -0.1 49.026654405156386 -16.51157206899888
170 -1.865164163212898e-13 -0.1 51.0694316720379 -17.69097007392737
171 -1.855148169074856e-13 -0.1 53.112208938919416 -18.87036807885586
172 -1.8611021365592833e-13 -0.1 55.15498620580093 -20.049766083784352
173 -1.8642352574518034e-13 -0.1 57.19776347268246 -21.22916408871285
174 -1.8617922016247506e-13 -0.1 59.24054073956397 -22.40856209364134
175 -1.8656446659217696e-13 -0.1 61.283318006445484 -23.58796009856983
176 -1.8649293858129265e-13 -0.1 63.326095273327006 -24.76735810349832
177 -1.873311563701455e-13 -0.1 65.36887254020851 -25.94675610842681
178 -1.8636004027951893e-13 -0.1 67.41164980709003 -27.126154113355305
179 -1.867528960343034e-13 -0.1 69.45442707397156 -28.305552118283796
180 -1.861351349123509e-13 -0.1 12.256663601289098 7.076388029570949
181 -1.8598516048186882e-13 -0.1 14.299440868170615 5.896990024642458
182 -1.862167292747319e-13 -0.1 16.34221813505213 4.717592019713966
183 -1.8619550946116965e-13 -0.1 18.384995401933647 3.5381940147854745
184 -1.8689751619577002e-13 -0.1 20.427772668815162 2.358796009856983
185 -1.8553415623389173e-13 -0.1 22.470549935696678 1.1793980049284922
186 -1.8676782701331467e-13 -0.1 24.513327202578196 0.0
187 -1.8600934011824952e-13 -0.1 26.556104469459708 -1.1793980049284911
188 -1.858013540489255e-13 -0.1 28.59888173634123 -2.3587960098569822
189 -1.8512323824876683e-13 -0.1 30.641659003222742 -3.5381940147854736
190 -1.8541386165180837e-13 -0.1 32.68443627010426 -4.7175920197139645
191 -1.8574493098666197e-13 -0.1 34.72721353698577 -5.896990024642456
192 -1.8559588363231693e-13 -0.1 36.769990803867294 -7.076388029570949
193 -1.8642407024502723e-13 -0.1 38.81276807074881 -8.25578603449944
194 -1.8471658398646936e-13 -0.1 40.855545337630325 -9.43518403942793
195 -1.8486679073987346e-13 -0.1 42.89832260451184 -10.614582044356423
196 -1.8589411135466417e-13 -0.1 44.941099871393355 -11.793980049284913
197 -1.8553347477955248e-13 -0.1 46.98387713827487 -12.973378054213404
198 -1.865935123740259e-13 -0.1 49.02665440515639 -14.152776059141896
199 -1.8630089948741148e-13 -0.1 51.069431672037894 -15.332174064070387
200 -1.8548072161585346e-13 -0.1 53.112208938919416 -16.511572068998877
201 -1.8663388910761434e-13 -0.1 55.15498620580094 -17.690970073927367
202 -1.8648069469668928e-13 -0.1 57.19776347268244 -18.870368078855858
203 -1.8681357918993807e-13 -0.1 59.240540739563976 -20.049766083784352
204 -1.8656841966139037e-13 -0.1 61.283318006445484 -21.22916408871285
205 -1.8709147540804903e-13 -0.1 63.326095273327006 -22.408562093641336
206 -1.8577480074908992e-13 -0.1 65.36887254020853 -23.58796009856983
207 -1.8649875763810484e-13 -0.1 67.41164980709003 -24.767358103498317
208 -1.8715241293663663e-13 -0.1 69.45442707397156 -25.94675610842681
209 -1.8658255320745993e-13 -0.1 71.49720434085307 -27.1261541133553
210 -1.8613620114985083e-13 -0.1 14.299440868170613 8.25578603449944
211 -1.8662775444401153e-13 -0.1 16.34221813505213 7.076388029570949
212 -1.8638456523708296e-13 -0.1 18.384995401933644 5.896990024642458
213 -1.8629146262577827e-13 -0.1 20.427772668815162 4.717592019713965
214 -1.8616665973304013e-13 -0.1 22.470549935696678 3.5381940147854745
215 -1.8663442641077235e-13 -0.1 24.513327202578196 2.358796009856983
216 -1.8627172495667968e-13 -0.1 26.556104469459708 1.1793980049284911
217 -1.8568243858801745e-13 -0.1 28.598881736341227 0.0
218 -1.860263380825351e-13 -0.1 30.641659003222742 -1.1793980049284911
219 -1.860263380825351e-13 -0.1 32.68443627010426 -2.3587960098569822
220 -1.857230879249406e-13 -0.1 34.72721353698578 -3.5381940147854736
221 -1.8592093493976858e-13 -0.1 36.76999080386729 -4.7175920197139645
222 -1.8610657771860132e-13 -0.1 38.81276807074881 -5.896990024642458
223 -1.8554229627340235e-13 -0.1 40.855545337630325 -7.076388029570949
224 -1.8604196820009002e-13 -0.1 42.89832260451183 -8.25578603449944
225 -1.853181867053228e-13 -0.1 44.941099871393355 -9.43518403942793
226 -1.8612428454941153e-13 -0.1 46.98387713827487 -10.614582044356423
227 -1.8634038228761383e-13 -0.1 49.026654405156386 -11.793980049284913
228 -1.8620245328455332e-13 -0.1 51.0694316720379 -12.973378054213404
229 -1.8629485261958197e-13 -0.1 53.112208938919416 -14.152776059141896
230 -1.8662780054917639e-13 -0.1 55.15498620580094 -15.332174064070387
231 -1.8677162866446721e-13 -0.1 57.19776347268245 -16.511572068998877
232 -1.865145082725985e-13 -0.1 59.24054073956396 -17.690970073927367
233 -1.859099094199082e-13 -0.1 61.28331800644549 -18.870368078855865
234 -1.8605236174200933e-13 -0.1 63.326095273327006 -20.049766083784352
235 -1.8663284949827832e-13 -0.1 65.36887254020851 -21.22916408871285
236 -1.8562879162859058e-13 -0.1 67.41164980709004 -22.408562093641336
237 -1.8730628082966228e-13 -0.1 69.45442707397156 -23.58796009856983
238 -1.863271913354666e-13 -0.1 71.49720434085306 -24.767358103498317
239 -1.8603339836487104e-13 -0.1 73.53998160773457 -25.94675610842681
240 -1.8586088086994464e-13 -0.1 16.34221813505213 9.43518403942793
241 -1.8528941968353997e-13 -0.1 18.384995401933644 8.25578603449944
242 -1.8598364400032358e-13 -0.1 20.427772668815162 7.076388029570949
243 -1.8639700210225777e-13 -0.1 22.470549935696678 5.896990024642457
244 -1.8600071722106854e-13 -0.1 24.513327202578196 4.717592019713965
245 -1.859689261003339e-13 -0.1 26.556104469459708 3.5381940147854745
246 -1.8674922609695614e-13 -0.1 28.59888173634123 2.3587960098569822
247 -1.8612912063329505e-13 -0.1 30.641659003222742 1.1793980049284911
248 -1.862553946206299e-13 -0.1 32.68443627010426 0.0
249 -1.8538853841639275e-13 -0.1 34.72721353698578 -1.1793980049284911
250 -1.8516989683382207e-13 -0.1 36.76999080386729 -2.3587960098569822
251 -1.8549917471946695e-13 -0.1 38.8127680707488 -3.5381940147854736
252 -1.8533714413521286e-13 -0.1 40.855545337630325 -4.717592019713966
253 -1.861058916961424e-13 -0.1 42.89832260451184 -5.896990024642458
254 -1.8619819955734503e-13 -0.1 44.941099871393355 -7.076388029570949
255 -1.861996854372421e-13 -0.1 46.98387713827487 -8.25578603449944
256 -1.8539265090228183e-13 -0.1 49.02665440515639 -9.43518403942793
257 -1.855811825956756e-13 -0.1 51.0694316720379 -10.614582044356423
258 -1.8620818883353446e-13 -0.1 53.112208938919416 -11.793980049284913
259 -1.8619138317460526e-13 -0.1 55.15498620580093 -12.973378054213404
260 -1.8670221072697026e-13 -0.1 57.19776347268245 -14.152776059141896
261 -1.8694100546546592e-13 -0.1 59.24054073956396 -15.332174064070387
262 -1.861588799316872e-13 -0.1 61.28331800644548 -16.511572068998877
263 -1.8642437553235808e-13 -0.1 63.326095273327006 -17.69097007392737
264 -1.8591424718758058e-13 -0.1 65.36887254020851 -18.870368078855865
265 -1.853594901095265e-13 -0.1 67.41164980709003 -20.049766083784352
266 -1.869050363571859e-13 -0.1 69.45442707397156 -21.22916408871285
267 -1.8640259238956875e-13 -0.1 71.49720434085307 -22.408562093641336
268 -1.8652139257791334e-13 -0.1 73.53998160773457 -23.58796009856983
269 -1.855392603422337e-13 -0.1 75.5827588746161 -24.767358103498317
270 -1.8627638980607544e-13 -0.1 18.384995401933644 10.614582044356423
271 -1.8668672707111032e-13 -0.1 20.427772668815162 9.43518403942793
272 -1.867579252877257e-13 -0.1 22.470549935696678 8.25578603449944
273 -1.861905661914996e-13 -0.1 24.513327202578196 7.076388029570948
274 -1.8576284641830006e-13 -0.1 26.556104469459708 5.896990024642457
275 -1.8557611984508233e-13 -0.1 28.598881736341227 4.717592019713965
276 -1.856035425460006e-13 -0.1 30.641659003222742 3.5381940147854736
277 -1.8626040638048667e-13 -0.1 32.68443627010426 2.3587960098569822
278 -1.8494060736961285e-13 -0.1 34.72721353698578 1.1793980049284911
279 -1.8619782809262907e-13 -0.1 36.76999080386729 0.0
280 -1.851666023310507e-13 -0.1 38.8127680707488 -1.1793980049284911
281 -1.8525010652922236e-13 -0.1 40.855545337630325 -2.3587960098569822
282 -1.8522629801189636e-13 -0.1 42.89832260451184 -3.5381940147854753
283 -1.8529189957564296e-13 -0.1 44.941099871393355 -4.717592019713966
284 -1.8523924473083925e-13 -0.1 46.98387713827487 -5.896990024642458
285 -1.8530571995876194e-13 -0.1 49.02665440515639 -7.076388029570949
286 -1.8560443580933378e-13 -0.1 51.0694316720379 -8.25578603449944
287 -1.8601159082541327e-13 -0.1 53.112208938919416 -9.43518403942793
288 -1.8600105763203227e-13 -0.1 55.15498620580094 -10.614582044356423
289 -1.8630798918740704e-13 -0.1 57.19776347268244 -11.793980049284913
290 -1.8671411959513842e-13 -0.1 59.24054073956396 -12.973378054213404
291 -1.8658533279749455e-13 -0.1 61.283318006445484 -14.152776059141896
292 -1.8584737520144426e-13 -0.1 63.32609527332699 -15.332174064070387
293 -1.8674737382029397e-13 -0.1 65.36887254020853 -16.51157206899888
294 -1.8550090567909075e-13 -0.1 67.41164980709003 -17.69097007392737
295 -1.8687187898188456e-13 -0.1 69.45442707397156 -18.870368078855865
296 -1.863025281335759e-13 -0.1 71.49720434085307 -20.049766083784352
297 -1.862433997848598e-13 -0.1 73.53998160773457 -21.22916408871285
298 -1.8686494985505861e-13 -0.1 75.5827588746161 -22.408562093641336
299 -1.860747153209171e-13 -0.1 77.62553614149762 -23.58796009856983
300 -1.8617410082273858e-13 -0.1 20.427772668815162 11.793980049284913
301 -1.8667408271825325e-13 -0.1 22.470549935696678 10.614582044356423
302 -1.8576498358595727e-13 -0.1 24.513327202578196 9.43518403942793
303 -1.8654582206193796e-13 -0.1 26.556104469459708 8.255786034499438
304 -1.8605097163553344e-13 -0.1 28.598881736341227 7.076388029570948
305 -1.857174352982704e-13 -0.1 30.641659003222742 5.896990024642457
306 -1.858798802044672e-13 -0.1 32.68443627010426 4.7175920197139645
307 -1.861155521524259e-13 -0.1 34.72721353698578 3.5381940147854736
308 -1.852036100440189e-13 -0.1 36.76999080386729 2.3587960098569822
309 -1.8561360293699573e-13 -0.1 38.8127680707488 1.1793980049284911
310 -1.85026705795936e-13 -0.1 40.855545337630325 0.0
311 -1.8475307585726446e-13 -0.1 42.89832260451183 -1.1793980049284911
312 -1.8528950816716387e-13 -0.1 44.941099871393355 -2.3587960098569845
313 -1.857315657650692e-13 -0.1 46.98387713827487 -3.5381940147854753
314 -1.8571167532740954e-13 -0.1 49.02665440515639 -4.717592019713966
315 -1.8599333063809405e-13 -0.1 51.0694316720379 -5.896990024642458
316 -1.858140185283113e-13 -0.1 53.112208938919416 -7.076388029570949
317 -1.8490116328699878e-13 -0.1 55.15498620580094 -8.25578603449944
318 -1.8652578288479695e-13 -0.1 57.19776347268245 -9.43518403942793
319 -1.858312207492035e-13 -0.1 59.24054073956396 -10.614582044356423
320 -1.8632649330827957e-13 -0.1 61.283318006445484 -11.793980049284913
321 -1.866576989718434e-13 -0.1 63.326095273327 -12.973378054213404
322 -1.8598218019147928e-13 -0.1 65.36887254020851 -14.152776059141896
323 -1.8600803115983434e-13 -0.1 67.41164980709004 -15.33217406407039
324 -1.8613358351357382e-13 -0.1 69.45442707397156 -16.51157206899888
325 -1.8648142156328116e-13 -0.1 71.49720434085306 -17.69097007392737
326 -1.8614149445945266e-13 -0.1 73.53998160773459 -18.870368078855865
327 -1.858946523306553e-13 -0.1 75.5827588746161 -20.049766083784352
328 -1.8608958788839152e-13 -0.1 77.6255361414976 -21.22916408871285
329 -1.8555396725067483e-13 -0.1 79.66831340837913 -22.408562093641336
330 -1.8580565910075718e-13 -0.1 22.470549935696674 12.973378054213404
331 -1.8660972278722774e-13 -0.1 24.513327202578193 11.793980049284913
332 -1.8578240878134097e-13 -0.1 26.556104469459708 10.614582044356423
333 -1.8628925188358437e-13 -0.1 28.59888173634122 9.435184039427929
334 -1.8542662867994415e-13 -0.1 30.64165900322274 8.255786034499438
335 -1.852872823837908e-13 -0.1 32.68443627010426 7.076388029570948
336 -1.8622110517127648e-13 -0.1 34.72721353698577 5.896990024642456
337 -1.857411607750239e-13 -0.1 36.76999080386729 4.7175920197139645
338 -1.8533090730570993e-13 -0.1 38.8127680707488 3.5381940147854736
339 -1.8551233541028363e-13 -0.1 40.855545337630325 2.3587960098569822
340 -1.8490257251724172e-13 -0.1 42.89832260451183 1.1793980049284911
341 -1.861036275546188e-13 -0.1 44.94109987139335 0.0
342 -1.8533775696440078e-13 -0.1 46.98387713827487 -1.1793980049284931
343 -1.8512718231338478e-13 -0.1 49.02665440515639 -2.3587960098569845
344 -1.8530100984381328e-13 -0.1 51.069431672037894 -3.5381940147854753
345 -1.8584779112845524e-13 -0.1 53.112208938919416 -4.717592019713966
346 -1.8503218369240072e-13 -0.1 55.15498620580094 -5.896990024642458
347 -1.8502840318889772e-13 -0.1 57.19776347268244 -7.076388029570949
348 -1.8599421784483804e-13 -0.1 59.24054073956396 -8.25578603449944
349 -1.8472028945716237e-13 -0.1 61.28331800644548 -9.43518403942793
350 -1.8591633274236972e-13 -0.1 63.326095273327 -10.614582044356423
351 -1.860284969078974e-13 -0.1 65.36887254020851 -11.793980049284913
352 -1.8566841127377583e-13 -0.1 67.41164980709003 -12.973378054213404
353 -1.8570577399746824e-13 -0.1 69.45442707397156 -14.1527760591419
354 -1.8681566650913405e-13 -0.1 71.49720434085306 -15.33217406407039
355 -1.866012743271768e-13 -0.1 73.53998160773457 -16.51157206899888
356 -1.8645260746128536e-13 -0.1 75.5827588746161 -17.69097007392737
357 -1.8614591300596777e-13 -0.1 77.6255361414976 -18.870368078855865
358 -1.8668885023163074e-13 -0.1 79.66831340837912 -20.049766083784352
359 -1.8655371468102748e-13 -0.1 81.71109067526065 -21.22916408871285
360 -1.8638323162835517e-13 -0.1 24.513327202578196 14.152776059141898
361 -1.8601352314443703e-13 -0.1 26.55610446945971 12.973378054213406
362 -1.8601352314443703e-13 -0.1 28.59888173634123 11.793980049284915
363 -1.8573777336452274e-13 -0.1 30.641659003222742 10.614582044356425
364 -1.8638763431764708e-13 -0.1 32.68443627010426 9.435184039427932
365 -1.853421712142578e-13 -0.1 34.72721353698578 8.25578603449944
366 -1.8621521380721669e-13 -0.1 36.769990803867294 7.076388029570949
367 -1.8532620662195898e-13 -0.1 38.81276807074881 5.896990024642458
368 -1.8528001515880164e-13 -0.1 40.855545337630325 4.717592019713966
369 -1.846178094500552e-13 -0.1 42.89832260451184 3.5381940147854753
370 -1.8590495730994676e-13 -0.1 44.941099871393355 2.3587960098569845
371 -1.8539467993891826e-13 -0.1 46.98387713827487 1.1793980049284931
372 -1.8545707385652615e-13 -0.1 49.02665440515639 0.0
373 -1.8599995308254965e-13 -0.1 51.06943167203791 -1.1793980049284911
374 -1.8516729999008397e-13 -0.1 53.112208938919416 -2.3587960098569822
375 -1.8613002832982174e-13 -0.1 55.15498620580094 -3.5381940147854736
376 -1.8587512912247935e-13 -0.1 57.19776347268246 -4.7175920197139645
377 -1.8580197905047928e-13 -0.1 59.24054073956396 -5.896990024642456
378 -1.8533069222945066e-13 -0.1 61.283318006445484 -7.076388029570947
379 -1.8613779644876325e-13 -0.1 63.326095273327 -8.255786034499438
380 -1.8536250459935375e-13 -0.1 65.36887254020851 -9.435184039427929
381 -1.8536250459935375e-13 -0.1 67.41164980709003 -10.61458204435642
382 -1.8608719012853953e-13 -0.1 69.45442707397154 -11.793980049284912
383 -1.8673609676980144e-13 -0.1 71.49720434085307 -12.973378054213406
384 -1.865016449294587e-13 -0.1 73.53998160773459 -14.152776059141898
385 -1.862495020439559e-13 -0.1 75.5827588746161 -15.332174064070388
386 -1.8595489335505282e-13 -0.1 77.62553614149762 -16.51157206899888
387 -1.862458245012493e-13 -0.1 79.66831340837913 -17.69097007392737
388 -1.86713064596059e-13 -0.1 81.71109067526065 -18.87036807885586
389 -1.8561616196937558e-13 -0.1 83.75386794214216 -20.049766083784352
390 -1.8560048878529066e-13 -0.1 26.55610446945971 15.332174064070388
391 -1.8632409624540352e-13 -0.1 28.59888173634123 14.152776059141898
392 -1.8618783566949055e-13 -0.1 30.641659003222745 12.973378054213406
393 -1.8535510059818725e-13 -0.1 32.684436270104264 11.793980049284915
394 -1.8473354858315802e-13 -0.1 34.72721353698578 10.614582044356425
395 -1.8621137656732645e-13 -0.1 36.769990803867294 9.435184039427932
396 -1.8455599802325135e-13 -0.1 38.81276807074881 8.25578603449944
397 -1.8486249386860498e-13 -0.1 40.855545337630325 7.076388029570949
398 -1.8482201888858276e-13 -0.1 42.89832260451184 5.896990024642458
399 -2.1803082973414286e-13 -0.1 44.941099871393355 4.717592019713966
400 -1.851068880512624e-13 -0.1 46.98387713827487 3.5381940147854753
401 -1.861055825800969e-13 -0.1 49.02665440515639 2.3587960098569845
402 -1.8565184782381567e-13 -0.1 51.06943167203791 1.1793980049284911
403 -1.8524191108004236e-13 -0.1 53.11220893891942 0.0
404 -1.860348908460067e-13 -0.1 55.15498620580094 -1.1793980049284911
405 -1.8605162603066498e-13 -0.1 57.19776347268246 -2.3587960098569822
406 -1.850364802716584e-13 -0.1 59.24054073956397 -3.5381940147854736
407 -1.856127687114066e-13 -0.1 61.283318006445484 -4.7175920197139645
408 -1.8565033849027425e-13 -0.1 63.326095273327006 -5.896990024642456
409 -1.8647749715375078e-13 -0.1 65.36887254020851 -7.076388029570947
410 -1.857915631700048e-13 -0.1 67.41164980709003 -8.255786034499438
411 -1.8544099837926271e-13 -0.1 69.45442707397156 -9.435184039427929
412 -1.8648298634900873e-13 -0.1 71.49720434085306 -10.61458204435642
413 -1.8567947143446937e-13 -0.1 73.53998160773459 -11.793980049284915
414 -1.8642343026761149e-13 -0.1 75.5827588746161 -12.973378054213406
415 -1.8559337766675517e-13 -0.1 77.62553614149762 -14.152776059141898
416 -1.8612023369996733e-13 -0.1 79.66831340837913 -15.332174064070388
417 -1.858412017931851e-13 -0.1 81.71109067526065 -16.51157206899888
418 -1.8556511817701682e-13 -0.1 83.75386794214216 -17.69097007392737
419 -1.8618567217264276e-13 -0.1 85.79664520902368 -18.87036807885586
420 -1.853723738628556e-13 -0.1 28.598881736341227 16.51157206899888
421 -1.8627277866987704e-13 -0.1 30.641659003222742 15.332174064070388
422 -1.8620062538629406e-13 -0.1 32.68443627010426 14.152776059141898
423 -1.8583556395532872e-13 -0.1 34.72721353698578 12.973378054213406
424 -1.858026202307614e-13 -0.1 36.76999080386729 11.793980049284915
425 -1.853499060516679e-13 -0.1 38.8127680707488 10.614582044356425
426 -1.85185521565558e-13 -0.1 40.855545337630325 9.43518403942793
427 -1.8560923677783242e-13 -0.1 42.89832260451183 8.25578603449944
428 -1.8482173547436532e-13 -0.1 44.941099871393355 7.076388029570949
429 -1.8522720220469282e-13 -0.1 46.98387713827487 5.896990024642458
430 -1.852883134622545e-13 -0.1 49.02665440515639 4.717592019713966
431 -1.8473578457773003e-13 -0.1 51.069431672037894 3.5381940147854753
432 -1.8599252260137642e-13 -0.1 53.112208938919416 2.3587960098569822
433 -1.8457341987711633e-13 -0.1 55.15498620580094 1.1793980049284911
434 -1.8528168809616375e-13 -0.1 57.19776347268245 0.0
435 -1.8601461850215e-13 -0.1 59.24054073956396 -1.1793980049284911
436 -1.855537531968889e-13 -0.1 61.283318006445484 -2.3587960098569822
437 -1.8613503067471675e-13 -0.1 63.326095273327 -3.5381940147854736
438 -1.865922858765241e-13 -0.1 65.36887254020851 -4.7175920197139645
439 -1.8592718827928112e-13 -0.1 67.41164980709003 -5.896990024642456
440 -1.85047629713595e-13 -0.1 69.45442707397156 -7.076388029570947
441 -1.857506158967763e-13 -0.1 71.49720434085306 -8.255786034499438
442 -1.8468632645196122e-13 -0.1 73.53998160773457 -9.435184039427929
443 -1.8662902108858305e-13 -0.1 75.5827588746161 -10.614582044356425
444 -1.8612539259530784e-13 -0.1 77.62553614149762 -11.793980049284915
445 -1.8673668286736476e-13 -0.1 79.66831340837912 -12.973378054213406
446 -1.8555834813831298e-13 -0.1 81.71109067526065 -14.152776059141898
447 -1.8520715151197622e-13 -0.1 83.75386794214216 -15.332174064070388
448 -1.8654119126474952e-13 -0.1 85.79664520902367 -16.51157206899888
449 -1.859228848896151e-13 -0.1 87.8394224759052 -17.69097007392737
450 -1.852147999621692e-13 -0.1 30.641659003222742 17.69097007392737
451 -1.8538708141079405e-13 -0.1 32.68443627010426 16.51157206899888
452 -1.8637449372570855e-13 -0.1 34.72721353698578 15.332174064070388
453 -1.8651955897068132e-13 -0.1 36.76999080386729 14.152776059141898
454 -1.8553202481256317e-13 -0.1 38.81276807074881 12.973378054213406
455 -1.8526520103906008e-13 -0.1 40.855545337630325 11.793980049284915
456 -1.853646695268496e-13 -0.1 42.89832260451184 10.614582044356423
457 -1.8518811619564475e-13 -0.1 44.941099871393355 9.43518403942793
458 -1.854773989573648e-13 -0.1 46.98387713827487 8.25578603449944
459 -1.8529974348494926e-13 -0.1 49.02665440515639 7.076388029570949
460 -1.8469115909476246e-13 -0.1 51.0694316720379 5.896990024642458
461 -1.8517933063414169e-13 -0.1 53.112208938919416 4.717592019713966
462 -1.8627435093400244e-13 -0.1 55.15498620580094 3.5381940147854736
463 -1.8561176267547012e-13 -0.1 57.19776347268246 2.3587960098569822
464 -1.8636626300513135e-13 -0.1 59.24054073956396 1.1793980049284911
465 -1.8622804357671696e-13 -0.1 61.283318006445484 0.0
466 -1.860295100781445e-13 -0.1 63.326095273327006 -1.1793980049284911
467 -1.8612196452249673e-13 -0.1 65.36887254020851 -2.3587960098569822
468 -1.8578235899919713e-13 -0.1 67.41164980709003 -3.5381940147854736
469 -1.8483231097279967e-13 -0.1 69.45442707397154 -4.7175920197139645
470 -1.8561364612411093e-13 -0.1 71.49720434085306 -5.896990024642456
471 -1.8546209527660708e-13 -0.1 73.53998160773457 -7.076388029570947
472 -1.8594553602428987e-13 -0.1 75.5827588746161 -8.255786034499438
473 -1.8633315109124358e-13 -0.1 77.62553614149762 -9.435184039427932
474 -1.8484346040909555e-13 -0.1 79.66831340837913 -10.614582044356425
475 -1.8617534495390649e-13 -0.1 81.71109067526065 -11.793980049284915
476 -1.8601254703513178e-13 -0.1 83.75386794214216 -12.973378054213406
477 -1.8574538687206314e-13 -0.1 85.79664520902368 -14.152776059141898
478 -1.8570725485793276e-13 -0.1 87.8394224759052 -15.332174064070388
479 -1.853047476677884e-13 -0.1 89.88219974278671 -16.51157206899888
480 -1.856036101383672e-13 -0.1 32.68443627010426 18.87036807885586
481 -1.8585585815237135e-13 -0.1 34.72721353698578 17.69097007392737
482 -1.8558110301117922e-13 -0.1 36.76999080386729 16.51157206899888
483 -1.856691565583768e-13 -0.1 38.81276807074881 15.332174064070388
484 -1.8641360592933718e-13 -0.1 40.855545337630325 14.152776059141898
485 -1.8637100381222986e-13 -0.1 42.89832260451184 12.973378054213406
486 -1.8558480092796253e-13 -0.1 44.941099871393355 11.793980049284913
487 -1.861795043096296e-13 -0.1 46.98387713827487 10.614582044356423
488 -1.8523963897865776e-13 -0.1 49.02665440515639 9.43518403942793
489 -1.862955725491437e-13 -0.1 51.0694316720379 8.25578603449944
490 -1.8495715545929056e-13 -0.1 53.112208938919416 7.076388029570949
491 -1.856311941389664e-13 -0.1 55.15498620580094 5.896990024642458
492 -1.8550668832901631e-13 -0.1 57.19776347268246 4.7175920197139645
493 -1.8525708857942823e-13 -0.1 59.24054073956397 3.5381940147854736
494 -1.856470583740618e-13 -0.1 61.283318006445484 2.3587960098569822
495 -1.8489454487674963e-13 -0.1 63.326095273327006 1.1793980049284911
496 -1.8555423960798414e-13 -0.1 65.36887254020851 0.0
497 -1.8554717274397589e-13 -0.1 67.41164980709003 -1.1793980049284911
498 -1.857182012512033e-13 -0.1 69.45442707397156 -2.3587960098569822
499 -1.8624873614837665e-13 -0.1 71.49720434085306 -3.5381940147854736
500 -1.8585265540534629e-13 -0.1 73.53998160773457 -4.7175920197139645
501 -1.8634010023024929e-13 -0.1 75.5827588746161 -5.896990024642456
502 -1.8539008276765966e-13 -0.1 77.6255361414976 -7.076388029570947
503 -1.8605494031313047e-13 -0.1 79.66831340837913 -8.255786034499442
504 -1.8565623972429928e-13 -0.1 81.71109067526065 -9.435184039427932
505 -1.8613818132852855e-13 -0.1 83.75386794214216 -10.614582044356425
506 -1.8581393986470939e-13 -0.1 85.79664520902368 -11.793980049284915
507 -1.8570640970026214e-13 -0.1 87.8394224759052 -12.973378054213406
508 -1.855587088042922e-13 -0.1 89.88219974278671 -14.152776059141898
509 -1.8542145240759943e-13 -0.1 91.92497700966824 -15.332174064070388
510 -1.8569508919719324e-13 -0.1 34.72721353698577 20.049766083784352
511 -1.8629431225901046e-13 -0.1 36.76999080386729 18.87036807885586
512 -1.8585701097393992e-13 -0.1 38.8127680707488 17.69097007392737
513 -1.8552699283347553e-13 -0.1 40.855545337630325 16.51157206899888
514 -1.8538356286101855e-13 -0.1 42.89832260451183 15.332174064070388
515 -1.8671869616642072e-13 -0.1 44.94109987139335 14.152776059141898
516 -1.8580426578289841e-13 -0.1 46.98387713827487 12.973378054213404
517 -1.8643471058006166e-13 -0.1 49.026654405156386 11.793980049284913
518 -1.8556645022499245e-13 -0.1 51.0694316720379 10.614582044356423
519 -1.8599337608679741e-13 -0.1 53.112208938919416 9.43518403942793
520 -1.858017289433483e-13 -0.1 55.15498620580094 8.25578603449944
521 -1.8530756649922098e-13 -0.1 57.19776347268244 7.076388029570949
522 -1.8638528329456147e-13 -0.1 59.24054073956396 5.896990024642456
523 -1.8628489031620885e-13 -0.1 61.283318006445484 4.7175920197139645
524 -1.8456322327253393e-13 -0.1 63.326095273327 3.5381940147854736
525 -1.8456322327253393e-13 -0.1 65.36887254020851 2.3587960098569822
526 -1.8530809252801897e-13 -0.1 67.41164980709003 1.1793980049284911
527 -1.8648056438345312e-13 -0.1 69.45442707397154 0.0
528 -1.8540671467270778e-13 -0.1 71.49720434085306 -1.1793980049284911
529 -1.8614610460397727e-13 -0.1 73.53998160773457 -2.3587960098569822
530 -1.8485987188116696e-13 -0.1 75.5827588746161 -3.5381940147854736
531 -1.8554916807594603e-13 -0.1 77.6255361414976 -4.7175920197139645
532 -1.858308037269248e-13 -0.1 79.66831340837912 -5.896990024642456
533 -1.8627628018026664e-13 -0.1 81.71109067526065 -7.076388029570951
534 -1.8562728399021906e-13 -0.1 83.75386794214216 -8.255786034499442
535 -1.8537143839635573e-13 -0.1 85.79664520902367 -9.435184039427932
536 -1.8598210103834407e-13 -0.1 87.8394224759052 -10.614582044356425
537 -1.8654590887354963e-13 -0.1 89.88219974278671 -11.793980049284915
538 -1.854963197837824e-13 -0.1 91.92497700966821 -12.973378054213406
539 -1.8590607805729455e-13 -0.1 93.96775427654974 -14.152776059141898
540 -1.864694301014119e-13 -0.1 36.76999080386729 21.229164088712846
541 -1.8502091894530911e-13 -0.1 38.8127680707488 20.049766083784352
542 -1.863029341466526e-13 -0.1 40.855545337630325 18.87036807885586
543 -1.8595514384230775e-13 -0.1 42.89832260451183 17.69097007392737
544 -1.865815695178337e-13 -0.1 44.941099871393355 16.51157206899888
545 -1.8555791562989985e-13 -0.1 46.98387713827487 15.332174064070388
546 -1.8628037867859944e-13 -0.1 49.02665440515639 14.152776059141896
547 -1.852273682600679e-13 -0.1 51.0694316720379 12.973378054213404
548 -1.8591443848163208e-13 -0.1 53.112208938919416 11.793980049284913
549 -1.8471847163818219e-13 -0.1 55.15498620580094 10.614582044356423
550 -1.8545757660417083e-13 -0.1 57.19776347268245 9.43518403942793
551 -1.861519696412491e-13 -0.1 59.24054073956396 8.25578603449944
552 -1.863247337269966e-13 -0.1 61.283318006445484 7.076388029570947
553 -1.858781378450944e-13 -0.1 63.326095273327006 5.896990024642456
554 -1.8584972467770564e-13 -0.1 65.36887254020851 4.7175920197139645
555 -1.853492539458173e-13 -0.1 67.41164980709003 3.5381940147854736
556 -1.8544800987493907e-13 -0.1 69.45442707397156 2.3587960098569822
557 -1.8544800987493907e-13 -0.1 71.49720434085306 1.1793980049284911
558 -1.860055249148336e-13 -0.1 73.53998160773457 0.0
559 -1.8555129680242974e-13 -0.1 75.5827588746161 -1.1793980049284911
560 -1.8580342078045628e-13 -0.1 77.6255361414976 -2.3587960098569822
561 -1.8599981223603718e-13 -0.1 79.66831340837912 -3.5381940147854736
562 -1.8505894397649105e-13 -0.1 81.71109067526065 -4.7175920197139645
563 -1.857186647399819e-13 -0.1 83.75386794214216 -5.896990024642459
564 -1.8575147036598329e-13 -0.1 85.79664520902368 -7.076388029570951
565 -1.8560686784412271e-13 -0.1 87.8394224759052 -8.255786034499442
566 -1.8503680112471856e-13 -0.1 89.88219974278671 -9.435184039427932
567 -1.8603193468480133e-13 -0.1 91.92497700966824 -10.614582044356425
568 -1.8518538451138532e-13 -0.1 93.96775427654974 -11.793980049284915
569 -1.8612311756307143e-13 -0.1 96.01053154343126 -12.973378054213406
570 -1.859831134439959e-13 -0.1 38.8127680707488 22.408562093641336
571 -1.8615508451902848e-13 -0.1 40.85554533763032 21.229164088712846
572 -1.8598231256122586e-13 -0.1 42.89832260451183 20.049766083784352
573 -1.8579034978704089e-13 -0.1 44.94109987139335 18.87036807885586
574 -1.8616244334982705e-13 -0.1 46.98387713827487 17.69097007392737
575 -1.8642073396909729e-13 -0.1 49.026654405156386 16.51157206899888
576 -1.8608917744115768e-13 -0.1 51.069431672037894 15.332174064070387
577 -1.8640505540448367e-13 -0.1 53.112208938919416 14.152776059141896
578 -1.861315910161369e-13 -0.1 55.15498620580093 12.973378054213404
579 -1.865060248252326e-13 -0.1 57.19776347268244 11.793980049284913
580 -1.8520765767220109e-13 -0.1 59.24054073956396 10.614582044356423
581 -1.8448903104835746e-13 -0.1 61.28331800644548 9.43518403942793
582 -1.8448903104835746e-13 -0.1 63.326095273327 8.255786034499438
583 -1.865685508107551e-13 -0.1 65.36887254020851 7.076388029570947
584 -1.8536677928788645e-13 -0.1 67.41164980709003 5.896990024642456
585 -1.8529699071817165e-13 -0.1 69.45442707397154 4.7175920197139645
586 -1.8548033054143122e-13 -0.1 71.49720434085306 3.5381940147854736
587 -1.8540206419423483e-13 -0.1 73.53998160773457 2.3587960098569822
588 -1.8597200233233922e-13 -0.1 75.5827588746161 1.1793980049284911
589 -1.857393601112591e-13 -0.1 77.6255361414976 0.0
590 -1.8439517141191405e-13 -0.1 79.66831340837912 -1.1793980049284911
591 -1.8483397099393676e-13 -0.1 81.71109067526065 -2.3587960098569822
592 0.0 -0.1 83.75386794214215 -3.5381940147854736
593 -1.8560242246018653e-13 -0.1 85.79664520902368 -4.717592019713969
594 -1.8593771174308241e-13 -0.1 87.8394224759052 -5.896990024642459
595 -1.8588939939984443e-13 -0.1 89.8821997427867 -7.076388029570951
596 -1.8494063425605235e-13 -0.1 91.92497700966824 -8.255786034499442
597 -1.8574804564220988e-13 -0.1 93.96775427654974 -9.435184039427932
598 -1.8660973520536407e-13 -0.1 96.01053154343124 -10.614582044356425
599 -1.8562617567601328e-13 -0.1 98.05330881031279 -11.793980049284915
600 -1.8659961671595776e-13 -0.1 40.855545337630325 23.587960098569827
601 -1.8668078038410703e-13 -0.1 42.89832260451183 22.408562093641336
602 -1.86675656668155e-13 -0.1 44.941099871393355 21.229164088712846
603 -1.8589310484730687e-13 -0.1 46.98387713827487 20.049766083784352
604 -1.8573203488688134e-13 -0.1 49.02665440515639 18.87036807885586
605 -1.8596486726217093e-13 -0.1 51.0694316720379 17.69097007392737
606 -1.8573945968163888e-13 -0.1 53.112208938919416 16.511572068998877
607 -1.8623518563507395e-13 -0.1 55.15498620580094 15.332174064070387
608 -1.8632771229852204e-13 -0.1 57.19776347268245 14.152776059141896
609 -1.8599595885358468e-13 -0.1 59.24054073956396 12.973378054213404
610 -1.8635806906422846e-13 -0.1 61.283318006445484 11.793980049284913
611 -1.8630251469746743e-13 -0.1 63.326095273327 10.614582044356423
612 -1.8576263097121558e-13 -0.1 65.36887254020851 9.435184039427929
613 -1.8597393135159858e-13 -0.1 67.41164980709003 8.255786034499438
614 -1.8493601126244527e-13 -0.1 69.45442707397156 7.076388029570947
615 -1.8452830366316947e-13 -0.1 71.49720434085306 5.896990024642456
616 -1.8541908425266977e-13 -0.1 73.53998160773457 4.7175920197139645
617 -1.8552829570842726e-13 -0.1 75.5827588746161 3.5381940147854736
618 -1.8536566540262427e-13 -0.1 77.6255361414976 2.3587960098569822
619 -1.8578562568745414e-13 -0.1 79.66831340837912 1.1793980049284911
620 -1.8602293222814845e-13 -0.1 81.71109067526065 0.0
621 -1.851216093934633e-13 -0.1 83.75386794214215 -1.1793980049284911
622 -1.8576382869299444e-13 -0.1 85.79664520902367 -2.3587960098569822
623 -1.866784120298745e-13 -0.1 87.8394224759052 -3.538194014785477
624 -1.8542603130878168e-13 -0.1 89.88219974278671 -4.717592019713969
625 -1.8597037671823952e-13 -0.1 91.92497700966824 -5.896990024642459
626 -1.8614002651818964e-13 -0.1 93.96775427654974 -7.076388029570951
627 -1.8653561607065226e-13 -0.1 96.01053154343126 -8.255786034499442
628 -1.8673127871005134e-13 -0.1 98.05330881031279 -9.435184039427932
629 -1.8514625360833943e-13 -0.1 100.09608607719429 -10.614582044356425
630 -1.8608568902005701e-13 -0.1 42.89832260451183 24.767358103498317
631 -1.8480158137623744e-13 -0.1 44.94109987139335 23.587960098569827
632 -1.8584626096980528e-13 -0.1 46.98387713827487 22.408562093641336
633 -1.8590573461823782e-13 -0.1 49.026654405156386 21.229164088712846
634 -1.8620454054301769e-13 -0.1 51.0694316720379 20.049766083784352
635 -1.862763164506502e-13 -0.1 53.112208938919416 18.87036807885586
636 -1.8641698701793852e-13 -0.1 55.15498620580094 17.690970073927367
637 -1.8584797476900495e-13 -0.1 57.19776347268245 16.511572068998877
638 -1.8566241981384312e-13 -0.1 59.24054073956396 15.332174064070387
639 -1.8672092760709322e-13 -0.1 61.283318006445484 14.152776059141896
640 -1.8620229724028086e-13 -0.1 63.326095273327 12.973378054213404
641 -1.8606579184233946e-13 -0.1 65.36887254020851 11.793980049284913
642 -1.8577798631286313e-13 -0.1 67.41164980709003 10.61458204435642
643 -1.8576065921661214e-13 -0.1 69.45442707397156 9.435184039427929
644 -1.8584037860471249e-13 -0.1 71.49720434085306 8.255786034499438
645 -1.8571371639536887e-13 -0.1 73.53998160773457 7.076388029570947
646 -1.8547640946704175e-13 -0.1 75.5827588746161 5.896990024642456
647 -1.8612107782924641e-13 -0.1 77.6255361414976 4.7175920197139645
648 -1.8563444632096267e-13 -0.1 79.66831340837912 3.5381940147854736
649 -1.862206986433205e-13 -0.1 81.71109067526065 2.3587960098569822
650 -1.852235825613196e-13 -0.1 83.75386794214215 1.1793980049284911
651 -1.8616459539151992e-13 -0.1 85.79664520902367 0.0
652 -1.8533075131352904e-13 -0.1 87.8394224759052 -1.1793980049284911
653 -1.85488324638535e-13 -0.1 89.88219974278671 -2.3587960098569862
654 -1.8625064108360587e-13 -0.1 91.92497700966824 -3.538194014785477
655 -1.85289226762094e-13 -0.1 93.96775427654974 -4.717592019713969
656 -1.8667761012643676e-13 -0.1 96.01053154343126 -5.896990024642459
657 -1.8609297782364102e-13 -0.1 98.05330881031279 -7.076388029570951
658 -1.8549260155499713e-13 -0.1 100.09608607719429 -8.255786034499442
659 -1.8653227751181005e-13 -0.1 102.1388633440758 -9.435184039427932
660 -1.8625423267805913e-13 -0.1 44.94109987139335 25.946756108426808
661 -1.8528321864914469e-13 -0.1 46.98387713827486 24.767358103498317
662 -1.86001092754221e-13 -0.1 49.026654405156386 23.587960098569827
663 -1.858016384260341e-13 -0.1 51.069431672037894 22.408562093641336
664 -1.8625258780408161e-13 -0.1 53.112208938919416 21.229164088712846
665 -1.8495861774275502e-13 -0.1 55.15498620580093 20.049766083784352
666 -1.8528581682476325e-13 -0.1 57.19776347268244 18.870368078855858
667 -1.8678739366690186e-13 -0.1 59.24054073956396 17.690970073927367
668 -1.8704048106562678e-13 -0.1 61.28331800644548 16.511572068998877
669 -1.8577697566383545e-13 -0.1 63.32609527332699 15.332174064070387
670 -1.859112255233365e-13 -0.1 65.36887254020851 14.152776059141896
671 -1.8565110772784665e-13 -0.1 67.41164980709003 12.973378054213404
672 -1.8626399583275323e-13 -0.1 69.45442707397154 11.793980049284912
673 -1.855775951374683e-13 -0.1 71.49720434085306 10.61458204435642
674 -1.8527043813970978e-13 -0.1 73.53998160773457 9.435184039427929
675 -1.857571855545952e-13 -0.1 75.5827588746161 8.255786034499438
676 -1.8612895066079123e-13 -0.1 77.6255361414976 7.076388029570947
677 -1.860747797275528e-13 -0.1 79.66831340837912 5.896990024642456
678 -1.856616486624847e-13 -0.1 81.71109067526065 4.7175920197139645
679 -1.8608050732401846e-13 -0.1 83.75386794214215 3.5381940147854736
680 -1.8610515417574824e-13 -0.1 85.79664520902367 2.3587960098569822
681 -1.8588686997109533e-13 -0.1 87.8394224759052 1.1793980049284911
682 -1.8576804060424663e-13 -0.1 89.8821997427867 0.0
683 -1.8550673390111895e-13 -0.1 91.92497700966824 -1.1793980049284951
684 -1.8556288477614992e-13 -0.1 93.96775427654974 -2.3587960098569862
685 -1.851306928565969e-13 -0.1 96.01053154343124 -3.538194014785477
686 -1.8543200851129369e-13 -0.1 98.05330881031279 -4.717592019713969
687 -1.8552510593719771e-13 -0.1 100.09608607719429 -5.896990024642459
688 -2.1887506243585952e-13 -0.1 102.13886334407579 -7.076388029570951
689 -1.8629687320155045e-13 -0.1 104.18164061095733 -8.255786034499442
690 -1.8722854579196029e-13 -0.1 46.98387713827488 27.126154113355305
691 -1.869325076814025e-13 -0.1 49.02665440515639 25.94675610842681
692 -1.872068353964484e-13 -0.1 51.06943167203791 24.76735810349832
693 -1.860580484731975e-13 -0.1 53.11220893891942 23.58796009856983
694 -1.8683851257650597e-13 -0.1 55.154986205800945 22.40856209364134
695 -1.8626060828224633e-13 -0.1 57.19776347268246 21.22916408871285
696 -1.8604275692562984e-13 -0.1 59.240540739563976 20.049766083784352
697 -1.864095479249939e-13 -0.1 61.28331800644549 18.870368078855865
698 -1.860558250477642e-13 -0.1 63.326095273327006 17.69097007392737
699 -1.851531016054461e-13 -0.1 65.36887254020853 16.51157206899888
700 -1.8513969044935872e-13 -0.1 67.41164980709004 15.33217406407039
701 -1.8666334768269612e-13 -0.1 69.45442707397156 14.1527760591419
702 -1.8654540587980492e-13 -0.1 71.49720434085307 12.973378054213406
703 -1.860723065561167e-13 -0.1 73.53998160773459 11.793980049284915
704 -1.8605491382749905e-13 -0.1 75.5827588746161 10.614582044356425
705 -1.8606602632107397e-13 -0.1 77.62553614149762 9.435184039427932
706 -1.8566637043784983e-13 -0.1 79.66831340837913 8.255786034499442
707 -1.857145416902657e-13 -0.1 81.71109067526065 7.076388029570951
708 -1.8575122676628457e-13 -0.1 83.75386794214216 5.896990024642459
709 -1.8524909452857949e-13 -0.1 85.79664520902368 4.717592019713969
710 -1.861313426563701e-13 -0.1 87.8394224759052 3.538194014785477
711 -1.8642665209630716e-13 -0.1 89.88219974278671 2.3587960098569862
712 -1.8625703445480047e-13 -0.1 91.92497700966824 1.1793980049284951
713 -1.8650575301027398e-13 -0.1 93.96775427654975 0.0
714 -1.8600601283692017e-13 -0.1 96.01053154343127 -1.1793980049284911
715 -1.8575490199749693e-13 -0.1 98.05330881031279 -2.3587960098569822
716 -1.8599265423988108e-13 -0.1 100.0960860771943 -3.5381940147854736
717 -1.8599265423988108e-13 -0.1 102.13886334407582 -4.7175920197139645
718 -1.8691657182809674e-13 -0.1 104.18164061095733 -5.896990024642456
719 -1.853168698855224e-13 -0.1 106.22441787783885 -7.076388029570947
720 -1.8612054185083588e-13 -0.1 49.02665440515639 28.305552118283796
721 -1.8697795112778257e-13 -0.1 51.0694316720379 27.126154113355305
722 -1.8696944168426924e-13 -0.1 53.11220893891942 25.94675610842681
723 -1.8593298879369796e-13 -0.1 55.15498620580094 24.76735810349832
724 -1.8676795243091534e-13 -0.1 57.19776347268246 23.58796009856983
725 -1.8627180546166778e-13 -0.1 59.24054073956397 22.40856209364134
726 -1.860721280002195e-13 -0.1 61.283318006445484 21.22916408871285
727 -1.8623054273156405e-13 -0.1 63.326095273327006 20.049766083784352
728 -1.865364110434237e-13 -0.1 65.36887254020851 18.870368078855865
729 -1.868513093348126e-13 -0.1 67.41164980709003 17.69097007392737
730 -1.859000666363165e-13 -0.1 69.45442707397156 16.51157206899888
731 -1.8621863209376457e-13 -0.1 71.49720434085306 15.33217406407039
732 -1.853954313957311e-13 -0.1 73.53998160773459 14.152776059141898
733 -1.8628506289495752e-13 -0.1 75.5827588746161 12.973378054213406
734 -1.8645026586883926e-13 -0.1 77.62553614149762 11.793980049284915
735 -1.8600980586167932e-13 -0.1 79.66831340837913 10.614582044356425
736 -1.8537869732061141e-13 -0.1 81.71109067526065 9.435184039427932
737 -1.8445288222758997e-13 -0.1 83.75386794214216 8.255786034499442
738 -1.862462827356569e-13 -0.1 85.79664520902368 7.076388029570951
739 -1.852831664497059e-13 -0.1 87.8394224759052 5.896990024642459
740 -1.846073075195482e-13 -0.1 89.88219974278671 4.717592019713969
741 -1.8568028809518575e-13 -0.1 91.92497700966824 3.538194014785477
742 -1.8568028809518575e-13 -0.1 93.96775427654974 2.3587960098569862
743 -1.8642201001020464e-13 -0.1 96.01053154343127 1.1793980049284911
744 -1.85944964932408e-13 -0.1 98.05330881031279 0.0
745 -1.8589313655741878e-13 -0.1 100.09608607719429 -1.1793980049284911
746 -1.862926201390337e-13 -0.1 102.13886334407582 -2.3587960098569822
747 0.0 -0.1 104.18164061095733 -3.5381940147854736
748 -1.8631815715825883e-13 -0.1 106.22441787783883 -4.7175920197139645
749 -1.861302361329479e-13 -0.1 108.26719514472038 -5.896990024642456
750 -1.8540667298508437e-13 -0.1 51.0694316720379 29.484950123212286
751 -1.867693879592364e-13 -0.1 53.112208938919416 28.305552118283796
752 -1.8692265755566915e-13 -0.1 55.15498620580094 27.126154113355305
753 -1.8671395258394161e-13 -0.1 57.19776347268245 25.94675610842681
754 -1.8674510405112817e-13 -0.1 59.24054073956397 24.76735810349832
755 -1.8589272551241593e-13 -0.1 61.283318006445484 23.58796009856983
756 -1.861486963776913e-13 -0.1 63.326095273327006 22.408562093641336
757 -1.862299580143677e-13 -0.1 65.36887254020851 21.22916408871285
758 -1.8668583983809308e-13 -0.1 67.41164980709003 20.049766083784352
759 -1.8616668938700722e-13 -0.1 69.45442707397156 18.870368078855865
760 -1.8590236920397857e-13 -0.1 71.49720434085306 17.69097007392737
761 -1.8657608193099414e-13 -0.1 73.53998160773457 16.51157206899888
762 -1.866348792255985e-13 -0.1 75.5827588746161 15.332174064070388
763 -1.851520690007249e-13 -0.1 77.62553614149762 14.152776059141898
764 -1.8556250618674353e-13 -0.1 79.66831340837912 12.973378054213406
765 -1.863179975844428e-13 -0.1 81.71109067526065 11.793980049284915
766 -1.8541709876260808e-13 -0.1 83.75386794214216 10.614582044356425
767 -1.8517002166278086e-13 -0.1 85.79664520902367 9.435184039427932
768 -1.8602107739935807e-13 -0.1 87.8394224759052 8.255786034499442
769 -1.8622820260739582e-13 -0.1 89.8821997427867 7.076388029570951
770 -1.8594979354759426e-13 -0.1 91.92497700966824 5.896990024642459
771 -1.8541920271457736e-13 -0.1 93.96775427654974 4.717592019713969
772 -1.856718916860822e-13 -0.1 96.01053154343124 3.538194014785477
773 -1.8663565560451487e-13 -0.1 98.05330881031279 2.3587960098569822
774 -1.8677847767386039e-13 -0.1 100.09608607719429 1.1793980049284911
775 -1.8652619162477857e-13 -0.1 102.1388633440758 0.0
776 -1.8502891879929876e-13 -0.1 104.18164061095733 -1.1793980049284911
777 -1.85730906753574e-13 -0.1 106.22441787783883 -2.3587960098569822
778 -1.861706921466738e-13 -0.1 108.26719514472035 -3.5381940147854736
779 -1.8640594719395824e-13 -0.1 110.30997241160188 -4.7175920197139645
780 -1.873878126441984e-13 -0.1 53.11220893891942 30.664348128140777
781 -1.868003744023347e-13 -0.1 55.15498620580094 29.484950123212286
782 -1.8685556503206588e-13 -0.1 57.19776347268246 28.305552118283796
783 -1.8540145036029085e-13 -0.1 59.24054073956397 27.126154113355305
784 -1.8637248707420996e-13 -0.1 61.28331800644549 25.94675610842681
785 -1.8576417840181172e-13 -0.1 63.326095273327006 24.76735810349832
786 -1.8712354225426743e-13 -0.1 65.36887254020853 23.58796009856983
787 -1.8641342105389048e-13 -0.1 67.41164980709004 22.408562093641336
788 -1.8608224223596535e-13 -0.1 69.45442707397156 21.22916408871285
789 -1.8608224223596535e-13 -0.1 71.49720434085307 20.049766083784352
790 -1.8642443123213068e-13 -0.1 73.53998160773459 18.870368078855865
791 -1.8627716488632607e-13 -0.1 75.5827588746161 17.69097007392737
792 -1.865038142377676e-13 -0.1 77.62553614149762 16.51157206899888
793 -1.8597550856086236e-13 -0.1 79.66831340837913 15.332174064070388
794 -1.8561796595172322e-13 -0.1 81.71109067526065 14.152776059141898
795 -1.8565308560465347e-13 -0.1 83.75386794214216 12.973378054213406
796 -1.863433753191445e-13 -0.1 85.79664520902368 11.793980049284915
797 -1.8587158379343046e-13 -0.1 87.8394224759052 10.614582044356425
798 -1.850796261608372e-13 -0.1 89.88219974278671 9.435184039427932
799 -1.8497540954388246e-13 -0.1 91.92497700966824 8.255786034499442
800 -1.8571175068403987e-13 -0.1 93.96775427654974 7.076388029570951
801 -1.8633005510553444e-13 -0.1 96.01053154343126 5.896990024642459
802 -1.8633005510553444e-13 -0.1 98.05330881031279 4.717592019713969
803 -1.8686241435219525e-13 -0.1 100.0960860771943 3.5381940147854736
804 -1.8673104522935038e-13 -0.1 102.13886334407582 2.3587960098569822
805 -1.864426659497127e-13 -0.1 104.18164061095733 1.1793980049284911
806 -1.8703055526185229e-13 -0.1 106.22441787783885 0.0
807 -1.860893281013429e-13 -0.1 108.26719514472038 -1.1793980049284911
808 -1.8716974237944485e-13 -0.1 110.30997241160188 -2.3587960098569822
809 -1.8701596941262477e-13 -0.1 112.35274967848339 -3.5381940147854736
810 -1.858142280128311e-13 -0.1 55.15498620580094 31.843746133069267
811 -1.8673127772809594e-13 -0.1 57.19776347268245 30.664348128140777
812 -1.8746550573191757e-13 -0.1 59.24054073956397 29.484950123212286
813 -1.861442070780608e-13 -0.1 61.283318006445484 28.305552118283796
814 -1.8722764487752187e-13 -0.1 63.326095273327006 27.126154113355305
815 -1.8725375289973745e-13 -0.1 65.36887254020851 25.94675610842681
816 -1.8679726748075131e-13 -0.1 67.41164980709003 24.767358103498317
817 -1.8698440090908986e-13 -0.1 69.45442707397156 23.58796009856983
818 -1.86105082821898e-13 -0.1 71.49720434085307 22.408562093641336
819 -1.866837293181238e-13 -0.1 73.53998160773457 21.22916408871285
820 -1.8619853007148696e-13 -0.1 75.5827588746161 20.049766083784352
821 -1.8628206638350725e-13 -0.1 77.6255361414976 18.870368078855865
822 -1.8679006628630345e-13 -0.1 79.66831340837913 17.69097007392737
823 -1.8562676126602524e-13 -0.1 81.71109067526065 16.51157206899888
824 -1.8496868328703517e-13 -0.1 83.75386794214216 15.332174064070388
825 -1.8586296908235944e-13 -0.1 85.79664520902368 14.152776059141898
826 -1.8471258200740305e-13 -0.1 87.8394224759052 12.973378054213406
827 -1.8471258200740305e-13 -0.1 89.88219974278671 11.793980049284915
828 -1.853026173250637e-13 -0.1 91.92497700966824 10.614582044356425
829 -1.8589797977826842e-13 -0.1 93.96775427654974 9.435184039427932
830 -1.8597707281947252e-13 -0.1 96.01053154343126 8.255786034499442
831 -1.8628633541044356e-13 -0.1 98.05330881031279 7.076388029570951
832 -1.862220385033687e-13 -0.1 100.09608607719429 5.896990024642459
833 -1.865782370349081e-13 -0.1 102.13886334407582 4.7175920197139645
834 -1.8608265633106334e-13 -0.1 104.18164061095733 3.5381940147854736
835 -1.8695619825396773e-13 -0.1 106.22441787783883 2.3587960098569822
836 -1.8705629015013844e-13 -0.1 108.26719514472038 1.1793980049284911
837 -1.8682834087671155e-13 -0.1 110.30997241160188 0.0
838 -1.8671001960637675e-13 -0.1 112.35274967848338 -1.1793980049284911
839 -1.8655658142207663e-13 -0.1 114.39552694536492 -2.3587960098569822
840 -1.8615794383511762e-13 -0.1 57.19776347268245 33.02314413799776
841 -1.8590008217430443e-13 -0.1 59.24054073956396 31.843746133069267
842 -1.8714704743432134e-13 -0.1 61.283318006445484 30.664348128140777
843 -1.866767087300891e-13 -0.1 63.326095273327 29.484950123212286
844 -1.8757005227186658e-13 -0.1 65.36887254020851 28.305552118283796
845 -1.8636277006770784e-13 -0.1 67.41164980709003 27.126154113355305
846 -1.8609598450927078e-13 -0.1 69.45442707397156 25.94675610842681
847 -1.8617352523978685e-13 -0.1 71.49720434085306 24.767358103498317
848 -1.8673225512103462e-13 -0.1 73.53998160773457 23.58796009856983
849 -1.8700239447402987e-13 -0.1 75.5827588746161 22.408562093641336
850 -1.8604431830621707e-13 -0.1 77.6255361414976 21.22916408871285
851 -1.8592394358358136e-13 -0.1 79.66831340837912 20.049766083784352
852 -1.858331986409879e-13 -0.1 81.71109067526065 18.87036807885586
853 -1.863522326854965e-13 -0.1 83.75386794214216 17.69097007392737
854 -1.8602121592086595e-13 -0.1 85.79664520902367 16.51157206899888
855 -1.8611133414600036e-13 -0.1 87.8394224759052 15.332174064070388
856 -1.8536813355976605e-13 -0.1 89.88219974278671 14.152776059141898
857 -1.8536813355976605e-13 -0.1 91.92497700966821 12.973378054213406
858 -1.8564884525548077e-13 -0.1 93.96775427654974 11.793980049284915
859 -1.850180808874376e-13 -0.1 96.01053154343124 10.614582044356425
860 -1.8675293738595635e-13 -0.1 98.05330881031279 9.435184039427932
861 -1.8672596140795218e-13 -0.1 100.09608607719429 8.255786034499442
862 -1.863366084135512e-13 -0.1 102.13886334407579 7.076388029570951
863 -1.8651228116525936e-13 -0.1 104.18164061095733 5.896990024642456
864 -1.8664228250512125e-13 -0.1 106.22441787783883 4.7175920197139645
865 -1.8628858917751509e-13 -0.1 108.26719514472035 3.5381940147854736
866 -1.854973072044542e-13 -0.1 110.30997241160188 2.3587960098569822
867 -1.8584760692178485e-13 -0.1 112.35274967848338 1.1793980049284911
868 -1.8631014955464243e-13 -0.1 114.3955269453649 0.0
869 -1.862229386365927e-13 -0.1 116.43830421224642 -1.1793980049284911
870 -1.8731674905012852e-13 -0.1 59.24054073956397 34.20254214292625
871 -1.8762414018266038e-13 -0.1 61.283318006445484 33.02314413799776
872 -1.8666475166784088e-13 -0.1 63.326095273327006 31.843746133069267
873 -1.8718625158841625e-13 -0.1 65.36887254020851 30.664348128140777
874 -1.8652696184792844e-13 -0.1 67.41164980709004 29.484950123212286
875 -1.8675858041614276e-13 -0.1 69.45442707397156 28.305552118283796
876 -1.8639639302300046e-13 -0.1 71.49720434085307 27.1261541133553
877 -1.8590190816705633e-13 -0.1 73.53998160773457 25.94675610842681
878 -1.8613467067178364e-13 -0.1 75.5827588746161 24.767358103498317
879 -1.858034811424281e-13 -0.1 77.62553614149762 23.58796009856983
880 -1.8578622575235846e-13 -0.1 79.66831340837913 22.408562093641336
881 -1.859195385464399e-13 -0.1 81.71109067526065 21.22916408871285
882 -1.8572549561580084e-13 -0.1 83.75386794214216 20.049766083784352
883 -1.8633827890976823e-13 -0.1 85.79664520902368 18.87036807885586
884 -1.8537635263058276e-13 -0.1 87.8394224759052 17.69097007392737
885 -1.8591539151731333e-13 -0.1 89.88219974278671 16.51157206899888
886 -1.865758589008206e-13 -0.1 91.92497700966824 15.332174064070388
887 -1.8614157333248512e-13 -0.1 93.96775427654974 14.152776059141898
888 -1.857695955978278e-13 -0.1 96.01053154343126 12.973378054213406
889 -1.8598733875794825e-13 -0.1 98.05330881031279 11.793980049284915
890 -1.8644048884489742e-13 -0.1 100.09608607719429 10.614582044356425
891 -1.8527830490703295e-13 -0.1 102.1388633440758 9.435184039427932
892 -1.868092775537374e-13 -0.1 104.18164061095733 8.255786034499442
893 -1.867076772033077e-13 -0.1 106.22441787783885 7.076388029570947
894 -1.872588289084413e-13 -0.1 108.26719514472038 5.896990024642456
895 -1.8510748421422292e-13 -0.1 110.30997241160188 4.7175920197139645
896 -1.8671834799565655e-13 -0.1 112.35274967848339 3.5381940147854736
897 -1.8708442229648555e-13 -0.1 114.39552694536492 2.3587960098569822
898 -1.875049383266045e-13 -0.1 116.43830421224642 1.1793980049284911
899 -1.8638156450728172e-13 -0.1 118.48108147912794 0.0
